UNKNOWN
version=1
nRows=441
nColumns=3
inDegrees=no
endheader
time	time	ankle_angle_r_moment
      0.00000000	     -0.00349000	  -1424.75523134
      1.00000000	      0.00061000	  -1425.34070244
      2.00000000	      0.00471000	  -1425.91719785
      3.00000000	      0.00881000	  -1426.48430725
      4.00000000	      0.01291000	  -1427.78702168
      5.00000000	      0.01701000	  -1430.60319270
      6.00000000	      0.02111000	  -1434.81254370
      7.00000000	      0.02521000	  -1440.14948713
      8.00000000	      0.02931000	  -1446.14563672
      9.00000000	      0.03341000	  -1452.52834067
     10.00000000	      0.03751000	  -1459.15664721
     11.00000000	      0.04161000	  -1465.79063150
     12.00000000	      0.04571000	  -1472.28449444
     13.00000000	      0.04981000	  -1478.39698704
     14.00000000	      0.05391000	  -1484.05756630
     15.00000000	      0.05801000	  -1489.10755318
     16.00000000	      0.06211000	  -1493.59103644
     17.00000000	      0.06621000	  -1497.48310769
     18.00000000	      0.07031000	  -1500.86967981
     19.00000000	      0.07441000	  -1503.71493492
     20.00000000	      0.07851000	  -1506.01221098
     21.00000000	      0.08261000	  -1507.55721003
     22.00000000	      0.08671000	  -1508.31807641
     23.00000000	      0.09081000	  -1508.09521762
     24.00000000	      0.09491000	  -1506.90669370
     25.00000000	      0.09901000	  -1504.73749032
     26.00000000	      0.10311000	  -1501.81084887
     27.00000000	      0.10721000	  -1498.22742266
     28.00000000	      0.11131000	  -1494.24102024
     29.00000000	      0.11541000	  -1490.03397619
     30.00000000	      0.11951000	  -1485.77180310
     31.00000000	      0.12361000	  -1481.43809482
     32.00000000	      0.12771000	  -1477.08728238
     33.00000000	      0.13181000	  -1472.69931494
     34.00000000	      0.13591000	  -1468.20563338
     35.00000000	      0.14001000	  -1463.52191236
     36.00000000	      0.14411000	  -1458.42958742
     37.00000000	      0.14821000	  -1452.83429004
     38.00000000	      0.15231000	  -1446.50428287
     39.00000000	      0.15641000	  -1439.27396305
     40.00000000	      0.16051000	  -1430.75997423
     41.00000000	      0.16461000	  -1420.91558085
     42.00000000	      0.16871000	  -1409.61022889
     43.00000000	      0.17281000	  -1396.97178475
     44.00000000	      0.17691000	  -1382.99363126
     45.00000000	      0.18101000	  -1367.99115384
     46.00000000	      0.18511000	  -1351.84369519
     47.00000000	      0.18921000	  -1334.69130262
     48.00000000	      0.19331000	  -1316.31761361
     49.00000000	      0.19741000	  -1296.55328872
     50.00000000	      0.20151000	  -1275.02432070
     51.00000000	      0.20561000	  -1251.64618262
     52.00000000	      0.20971000	  -1226.26284485
     53.00000000	      0.21381000	  -1198.96125266
     54.00000000	      0.21791000	  -1169.82884857
     55.00000000	      0.22201000	  -1139.13287912
     56.00000000	      0.22611000	  -1107.05498419
     57.00000000	      0.23021000	  -1073.78901943
     58.00000000	      0.23431000	  -1039.52155579
     59.00000000	      0.23841000	  -1004.32561566
     60.00000000	      0.24251000	   -968.27809923
     61.00000000	      0.24661000	   -931.45815115
     62.00000000	      0.25071000	   -893.98244480
     63.00000000	      0.25481000	   -855.87884478
     64.00000000	      0.25891000	   -817.33358923
     65.00000000	      0.26301000	   -778.36519873
     66.00000000	      0.26711000	   -739.04790584
     67.00000000	      0.27121000	   -699.39284842
     68.00000000	      0.27531000	   -659.63934895
     69.00000000	      0.27941000	   -619.71944975
     70.00000000	      0.28351000	   -579.83147603
     71.00000000	      0.28761000	   -539.85062003
     72.00000000	      0.29171000	   -499.73293653
     73.00000000	      0.29581000	   -459.34830617
     74.00000000	      0.29991000	   -418.93267303
     75.00000000	      0.30401000	   -378.72350050
     76.00000000	      0.30811000	   -339.03575491
     77.00000000	      0.31221000	   -300.20348974
     78.00000000	      0.31631000	   -262.62199565
     79.00000000	      0.32041000	   -226.69385937
     80.00000000	      0.32451000	   -192.79551783
     81.00000000	      0.32861000	   -161.18053351
     82.00000000	      0.33271000	   -131.93116970
     83.00000000	      0.33681000	   -105.11914551
     84.00000000	      0.34091000	    -80.84886568
     85.00000000	      0.34501000	    -59.37036751
     86.00000000	      0.34911000	    -27.80037119
     87.00000000	      0.35321000	      1.46723959
     88.00000000	      0.35731000	      1.51284537
     89.00000000	      0.36141000	      1.57172297
     90.00000000	      0.36551000	      1.63768840
     91.00000000	      0.36961000	      1.70967163
     92.00000000	      0.37371000	      1.78668089
     93.00000000	      0.37781000	      1.86781405
     94.00000000	      0.38191000	      1.95225717
     95.00000000	      0.38601000	      2.03927226
     96.00000000	      0.39011000	      2.12818409
     97.00000000	      0.39421000	      2.21837078
     98.00000000	      0.39831000	      2.30925329
     99.00000000	      0.40241000	      2.40028251
    100.00000000	      0.40651000	      2.49093025
    101.00000000	      0.41061000	      2.58068558
    102.00000000	      0.41471000	      2.66905000
    103.00000000	      0.41881000	      2.75553055
    104.00000000	      0.42291000	      2.83963421
    105.00000000	      0.42701000	      2.92085903
    106.00000000	      0.43111000	      2.99298763
    107.00000000	      0.43521000	      3.05853136
    108.00000000	      0.43931000	      3.11938833
    109.00000000	      0.44341000	      3.17504327
    110.00000000	      0.44751000	      3.22492304
    111.00000000	      0.45161000	      3.26838756
    112.00000000	      0.45571000	      3.30471639
    113.00000000	      0.45981000	      3.33377347
    114.00000000	      0.46391000	      3.35486691
    115.00000000	      0.46801000	      3.36614784
    116.00000000	      0.47211000	      3.36647291
    117.00000000	      0.47621000	      3.35461844
    118.00000000	      0.48031000	      3.32930430
    119.00000000	      0.48441000	      3.28921879
    120.00000000	      0.48851000	      3.24869208
    121.00000000	      0.49261000	      3.20192754
    122.00000000	      0.49671000	      3.13211572
    123.00000000	      0.50081000	      3.03797215
    124.00000000	      0.50491000	      2.91861858
    125.00000000	      0.50901000	      2.77366378
    126.00000000	      0.51311000	      2.60327793
    127.00000000	      0.51721000	      2.40349560
    128.00000000	      0.52131000	      2.17363976
    129.00000000	      0.52541000	      1.92693486
    130.00000000	      0.52951000	      1.66568876
    131.00000000	      0.53361000	      1.39272372
    132.00000000	      0.53771000	      1.11136334
    133.00000000	      0.54181000	      0.82539274
    134.00000000	      0.54591000	      0.53899106
    135.00000000	      0.55001000	      0.25664216
    136.00000000	      0.55411000	     -0.01696717
    137.00000000	      0.55821000	     -0.27705593
    138.00000000	      0.56231000	     -0.51886255
    139.00000000	      0.56641000	     -0.73776255
    140.00000000	      0.57051000	     -0.92938774
    141.00000000	      0.57461000	     -1.08974121
    142.00000000	      0.57871000	     -1.21530233
    143.00000000	      0.58281000	     -1.30311958
    144.00000000	      0.58691000	     -1.35089010
    145.00000000	      0.59101000	     -1.35702341
    146.00000000	      0.59511000	     -1.32069191
    147.00000000	      0.59921000	     -1.24187510
    148.00000000	      0.60331000	     -1.12139642
    149.00000000	      0.60741000	     -0.96094126
    150.00000000	      0.61151000	     -0.76304441
    151.00000000	      0.61561000	     -0.53104430
    152.00000000	      0.61971000	     -0.26901016
    153.00000000	      0.62381000	      0.01834736
    154.00000000	      0.62791000	      0.32577161
    155.00000000	      0.63201000	      0.64756396
    156.00000000	      0.63611000	      0.97771402
    157.00000000	      0.64021000	      1.31006111
    158.00000000	      0.64431000	      1.63846872
    159.00000000	      0.64841000	      1.95700114
    160.00000000	      0.65251000	      2.26010341
    161.00000000	      0.65661000	      2.54277280
    162.00000000	      0.66071000	      2.80070228
    163.00000000	      0.66481000	      3.03038765
    164.00000000	      0.66891000	      3.22920114
    165.00000000	      0.67301000	      3.39543248
    166.00000000	      0.67711000	      3.52564947
    167.00000000	      0.68121000	      3.61571332
    168.00000000	      0.68531000	      3.67361632
    169.00000000	      0.68941000	      3.70161155
    170.00000000	      0.69351000	      3.70248483
    171.00000000	      0.69761000	      3.67938099
    172.00000000	      0.70171000	      3.63564077
    173.00000000	      0.70581000	      3.57465605
    174.00000000	      0.70991000	      3.49974804
    175.00000000	      0.71401000	      3.41407470
    176.00000000	      0.71811000	      3.32056574
    177.00000000	      0.72221000	      3.22187517
    178.00000000	      0.72631000	      3.12326838
    179.00000000	      0.73041000	      3.02330114
    180.00000000	      0.73451000	      2.92317300
    181.00000000	      0.73861000	      2.82445714
    182.00000000	      0.74271000	      2.73702859
    183.00000000	      0.74681000	    175.11245659
    184.00000000	      0.75091000	    218.02620190
    185.00000000	      0.75501000	    273.39419284
    186.00000000	      0.75911000	    321.45207444
    187.00000000	      0.76321000	    354.96109567
    188.00000000	      0.76731000	    371.62985309
    189.00000000	      0.77141000	    372.61776402
    190.00000000	      0.77551000	    359.94257570
    191.00000000	      0.77961000	    334.41325260
    192.00000000	      0.78371000	    297.18273429
    193.00000000	      0.78781000	    250.62597230
    194.00000000	      0.79191000	    197.73741178
    195.00000000	      0.79601000	    140.54463230
    196.00000000	      0.80011000	     80.17193387
    197.00000000	      0.80421000	     17.04693140
    198.00000000	      0.80831000	    -48.45692280
    199.00000000	      0.81241000	   -115.80181094
    200.00000000	      0.81651000	   -184.18896684
    201.00000000	      0.82061000	   -252.42613288
    202.00000000	      0.82471000	   -319.37405564
    203.00000000	      0.82881000	   -383.75079181
    204.00000000	      0.83291000	   -444.46229173
    205.00000000	      0.83701000	   -500.41337810
    206.00000000	      0.84111000	   -550.68627917
    207.00000000	      0.84521000	   -594.52423072
    208.00000000	      0.84931000	   -631.33840640
    209.00000000	      0.85341000	   -660.82942741
    210.00000000	      0.85751000	   -682.87505991
    211.00000000	      0.86161000	   -697.71963500
    212.00000000	      0.86571000	   -705.83486445
    213.00000000	      0.86981000	   -708.03683751
    214.00000000	      0.87391000	   -705.12571462
    215.00000000	      0.87801000	   -698.01036910
    216.00000000	      0.88211000	   -687.44452078
    217.00000000	      0.88621000	   -674.21886374
    218.00000000	      0.89031000	   -658.97122861
    219.00000000	      0.89441000	   -642.46265940
    220.00000000	      0.89851000	   -625.21379667
    221.00000000	      0.90261000	   -607.80599644
    222.00000000	      0.90671000	   -590.64672506
    223.00000000	      0.91081000	   -574.06491364
    224.00000000	      0.91491000	   -558.28070339
    225.00000000	      0.91901000	   -543.47389592
    226.00000000	      0.92311000	   -529.81386081
    227.00000000	      0.92721000	   -517.37830876
    228.00000000	      0.93131000	   -506.18309072
    229.00000000	      0.93541000	   -496.16302168
    230.00000000	      0.93951000	   -487.27505535
    231.00000000	      0.94361000	   -479.47584426
    232.00000000	      0.94771000	   -472.76644226
    233.00000000	      0.95181000	   -467.12558277
    234.00000000	      0.95591000	   -462.57868285
    235.00000000	      0.96001000	   -459.15360138
    236.00000000	      0.96411000	   -456.91982912
    237.00000000	      0.96821000	   -455.83533686
    238.00000000	      0.97231000	   -455.74537465
    239.00000000	      0.97641000	   -456.32843718
    240.00000000	      0.98051000	   -457.29207252
    241.00000000	      0.98461000	   -458.38842076
    242.00000000	      0.98871000	   -459.49404199
    243.00000000	      0.99281000	   -460.49302440
    244.00000000	      0.99691000	   -461.31715978
    245.00000000	      1.00101000	   -461.88615492
    246.00000000	      1.00511000	   -462.18818860
    247.00000000	      1.00921000	   -462.24734211
    248.00000000	      1.01331000	   -462.15318799
    249.00000000	      1.01741000	   -461.98697752
    250.00000000	      1.02151000	   -461.83115616
    251.00000000	      1.02561000	   -461.75041027
    252.00000000	      1.02971000	   -461.77185157
    253.00000000	      1.03381000	   -461.91463880
    254.00000000	      1.03791000	   -462.17912597
    255.00000000	      1.04201000	   -462.53862718
    256.00000000	      1.04611000	   -462.91957861
    257.00000000	      1.05021000	   -463.25145419
    258.00000000	      1.05431000	   -463.43590649
    259.00000000	      1.05841000	   -463.42520392
    260.00000000	      1.06251000	   -463.11245752
    261.00000000	      1.06661000	   -462.49835587
    262.00000000	      1.07071000	   -461.49950320
    263.00000000	      1.07481000	   -460.13945095
    264.00000000	      1.07891000	   -458.40615859
    265.00000000	      1.08301000	   -456.35097564
    266.00000000	      1.08711000	   -453.97703710
    267.00000000	      1.09121000	   -451.34611098
    268.00000000	      1.09531000	   -448.46467364
    269.00000000	      1.09941000	   -445.36969165
    270.00000000	      1.10351000	   -442.05602826
    271.00000000	      1.10761000	   -438.58734909
    272.00000000	      1.11171000	   -434.97924451
    273.00000000	      1.11581000	   -431.28401045
    274.00000000	      1.11991000	   -427.54785951
    275.00000000	      1.12401000	   -423.80348370
    276.00000000	      1.12811000	   -420.06606948
    277.00000000	      1.13221000	   -416.34992883
    278.00000000	      1.13631000	   -412.70635089
    279.00000000	      1.14041000	   -409.10111532
    280.00000000	      1.14451000	   -405.53956012
    281.00000000	      1.14861000	   -401.98092739
    282.00000000	      1.15271000	   -398.46430552
    283.00000000	      1.15681000	   -394.99071175
    284.00000000	      1.16091000	   -391.63395613
    285.00000000	      1.16501000	   -388.35375434
    286.00000000	      1.16911000	   -385.20371150
    287.00000000	      1.17321000	   -382.17254055
    288.00000000	      1.17731000	   -379.28269064
    289.00000000	      1.18141000	   -376.52767427
    290.00000000	      1.18551000	   -373.92966594
    291.00000000	      1.18961000	   -371.43937564
    292.00000000	      1.19371000	   -369.07593015
    293.00000000	      1.19781000	   -366.82006990
    294.00000000	      1.20191000	   -364.69803912
    295.00000000	      1.20601000	   -362.69362669
    296.00000000	      1.21011000	   -360.78754719
    297.00000000	      1.21421000	   -358.96483205
    298.00000000	      1.21831000	   -357.20046701
    299.00000000	      1.22241000	   -355.49396557
    300.00000000	      1.22651000	   -353.85888851
    301.00000000	      1.23061000	   -352.33194036
    302.00000000	      1.23471000	   -350.89341311
    303.00000000	      1.23881000	   -349.56500939
    304.00000000	      1.24291000	   -348.27643407
    305.00000000	      1.24701000	   -347.01187055
    306.00000000	      1.25111000	   -345.72608454
    307.00000000	      1.25521000	   -344.37818575
    308.00000000	      1.25931000	   -342.91387146
    309.00000000	      1.26341000	   -341.31392087
    310.00000000	      1.26751000	   -339.54073853
    311.00000000	      1.27161000	   -337.60465577
    312.00000000	      1.27571000	   -335.48784685
    313.00000000	      1.27981000	   -333.19291407
    314.00000000	      1.28391000	   -330.68591643
    315.00000000	      1.28801000	   -327.99730555
    316.00000000	      1.29211000	   -325.11508500
    317.00000000	      1.29621000	   -322.03330130
    318.00000000	      1.30031000	   -318.76078796
    319.00000000	      1.30441000	   -315.33106278
    320.00000000	      1.30851000	   -311.78145126
    321.00000000	      1.31261000	   -308.15100358
    322.00000000	      1.31671000	   -304.50587312
    323.00000000	      1.32081000	   -300.86245851
    324.00000000	      1.32491000	   -297.21740030
    325.00000000	      1.32901000	   -293.52189741
    326.00000000	      1.33311000	   -289.72572061
    327.00000000	      1.33721000	   -285.74071536
    328.00000000	      1.34131000	   -281.55243842
    329.00000000	      1.34541000	   -277.12796120
    330.00000000	      1.34951000	   -272.49559807
    331.00000000	      1.35361000	   -267.66454048
    332.00000000	      1.35771000	   -262.68200057
    333.00000000	      1.36181000	   -257.54567692
    334.00000000	      1.36591000	   -252.27689524
    335.00000000	      1.37001000	   -246.84539478
    336.00000000	      1.37411000	   -241.24200740
    337.00000000	      1.37821000	   -235.43318837
    338.00000000	      1.38231000	   -229.41181555
    339.00000000	      1.38641000	   -223.13504743
    340.00000000	      1.39051000	   -216.61642057
    341.00000000	      1.39461000	   -209.83892803
    342.00000000	      1.39871000	   -202.83789557
    343.00000000	      1.40281000	   -195.62510923
    344.00000000	      1.40691000	   -188.23852762
    345.00000000	      1.41101000	   -180.71433135
    346.00000000	      1.41511000	   -173.04973083
    347.00000000	      1.41921000	   -165.26367068
    348.00000000	      1.42331000	   -157.36375944
    349.00000000	      1.42741000	   -149.35369796
    350.00000000	      1.43151000	   -141.24477324
    351.00000000	      1.43561000	   -133.04473771
    352.00000000	      1.43971000	   -124.76296892
    353.00000000	      1.44381000	   -116.42212052
    354.00000000	      1.44791000	   -108.01850812
    355.00000000	      1.45201000	    -99.57127737
    356.00000000	      1.45611000	    -91.06653990
    357.00000000	      1.46021000	    -82.58701712
    358.00000000	      1.46431000	    -74.14378190
    359.00000000	      1.46841000	    -65.82463524
    360.00000000	      1.47251000	    -57.67227639
    361.00000000	      1.47661000	    -49.77997742
    362.00000000	      1.48071000	    -42.19292888
    363.00000000	      1.48481000	    -35.00527508
    364.00000000	      1.48891000	    -28.29429328
    365.00000000	      1.49301000	    -22.12835344
    366.00000000	      1.49711000	    -16.52684670
    367.00000000	      1.50121000	    -11.56194395
    368.00000000	      1.50531000	    -11.24483219
    369.00000000	      1.50941000	      1.72379566
    370.00000000	      1.51351000	      1.66260300
    371.00000000	      1.51761000	      1.62596993
    372.00000000	      1.52171000	      1.58754330
    373.00000000	      1.52581000	      1.54764702
    374.00000000	      1.52991000	      1.50652145
    375.00000000	      1.53401000	      1.46435589
    376.00000000	      1.53811000	      1.42128845
    377.00000000	      1.54221000	      1.37741925
    378.00000000	      1.54631000	      1.33283237
    379.00000000	      1.55041000	      1.28762079
    380.00000000	      1.55451000	      1.24190529
    381.00000000	      1.55861000	      1.19583613
    382.00000000	      1.56271000	      1.14958052
    383.00000000	      1.56681000	      1.10331639
    384.00000000	      1.57091000	      1.05724441
    385.00000000	      1.57501000	      1.01160240
    386.00000000	      1.57911000	      0.96665924
    387.00000000	      1.58321000	      0.92269052
    388.00000000	      1.58731000	      0.87995703
    389.00000000	      1.59141000	      0.83869588
    390.00000000	      1.59551000	      0.79911537
    391.00000000	      1.59961000	      0.76138232
    392.00000000	      1.60371000	      0.72560115
    393.00000000	      1.60781000	      0.69179458
    394.00000000	      1.61191000	      0.65989130
    395.00000000	      1.61601000	      0.62971311
    396.00000000	      1.62011000	      0.60095209
    397.00000000	      1.62421000	      0.57314551
    398.00000000	      1.62831000	      0.54566912
    399.00000000	      1.63241000	      0.51775593
    400.00000000	      1.63651000	      0.48852667
    401.00000000	      1.64061000	      0.45702472
    402.00000000	      1.64471000	      0.42226513
    403.00000000	      1.64881000	      0.38330507
    404.00000000	      1.65291000	      0.33932862
    405.00000000	      1.65701000	      0.28972682
    406.00000000	      1.66111000	      0.23415959
    407.00000000	      1.66521000	      0.17261050
    408.00000000	      1.66931000	      0.10545708
    409.00000000	      1.67341000	      0.03354610
    410.00000000	      1.67751000	     -0.04174793
    411.00000000	      1.68161000	     -0.11849534
    412.00000000	      1.68571000	     -0.19423398
    413.00000000	      1.68981000	     -0.26605116
    414.00000000	      1.69391000	     -0.33068534
    415.00000000	      1.69801000	     -0.38459704
    416.00000000	      1.70211000	     -0.42413709
    417.00000000	      1.70621000	     -0.44573658
    418.00000000	      1.71031000	     -0.44612540
    419.00000000	      1.71441000	     -0.42255165
    420.00000000	      1.71851000	     -0.37297772
    421.00000000	      1.72261000	     -0.29623878
    422.00000000	      1.72671000	     -0.19214501
    423.00000000	      1.73081000	     -0.06150266
    424.00000000	      1.73491000	      0.09396729
    425.00000000	      1.73901000	      0.27180750
    426.00000000	      1.74311000	      0.46908026
    427.00000000	      1.74721000	      0.68262467
    428.00000000	      1.75131000	      0.90928895
    429.00000000	      1.75541000	      1.14592175
    430.00000000	      1.75951000	      1.38929407
    431.00000000	      1.76361000	      1.63515562
    432.00000000	      1.76771000	      1.87788794
    433.00000000	      1.77181000	      2.10687780
    434.00000000	      1.77591000	      2.30866607
    435.00000000	      1.78001000	      2.45324295
    436.00000000	      1.78411000	      2.51723831
    437.00000000	      1.78821000	      2.41785395
    438.00000000	      1.79231000	      2.16664979
    439.00000000	      1.79641000	      1.47392559
    440.00000000	      1.80051000	      1.25077900
