UNKNOWN
version=1
nRows=441
nColumns=3
inDegrees=no
endheader
time	time	foot_flex_moment
      0.00000000	     -0.00349000	      0.06319685
      1.00000000	      0.00061000	      0.06097120
      2.00000000	      0.00471000	      0.05876329
      3.00000000	      0.00881000	      0.05662099
      4.00000000	      0.01291000	      0.05459384
      5.00000000	      0.01701000	      0.05273071
      6.00000000	      0.02111000	      0.05107757
      7.00000000	      0.02521000	      0.04967538
      8.00000000	      0.02931000	      0.04855826
      9.00000000	      0.03341000	      0.04775200
     10.00000000	      0.03751000	      0.04727301
     11.00000000	      0.04161000	      0.04712756
     12.00000000	      0.04571000	      0.04731161
     13.00000000	      0.04981000	      0.04781097
     14.00000000	      0.05391000	      0.04860203
     15.00000000	      0.05801000	      0.04965261
     16.00000000	      0.06211000	      0.05092303
     17.00000000	      0.06621000	      0.05236737
     18.00000000	      0.07031000	      0.05393501
     19.00000000	      0.07441000	      0.05557259
     20.00000000	      0.07851000	      0.05722603
     21.00000000	      0.08261000	      0.05884292
     22.00000000	      0.08671000	      0.06037493
     23.00000000	      0.09081000	      0.06178027
     24.00000000	      0.09491000	      0.06302596
     25.00000000	      0.09901000	      0.06384872
     26.00000000	      0.10311000	      0.06447656
     27.00000000	      0.10721000	      0.06492071
     28.00000000	      0.11131000	      0.06519617
     29.00000000	      0.11541000	      0.06532233
     30.00000000	      0.11951000	      0.06532090
     31.00000000	      0.12361000	      0.06521430
     32.00000000	      0.12771000	      0.06502431
     33.00000000	      0.13181000	      0.06477090
     34.00000000	      0.13591000	      0.06447155
     35.00000000	      0.14001000	      0.06414078
     36.00000000	      0.14411000	      0.06379023
     37.00000000	      0.14821000	      0.06342865
     38.00000000	      0.15231000	      0.06306215
     39.00000000	      0.15641000	      0.06270556
     40.00000000	      0.16051000	      0.06240988
     41.00000000	      0.16461000	      0.06208409
     42.00000000	      0.16871000	      0.07000734
     43.00000000	      0.17281000	     -8.27299355
     44.00000000	      0.17691000	    -38.89077921
     45.00000000	      0.18101000	    -77.13980104
     46.00000000	      0.18511000	   -132.05999194
     47.00000000	      0.18921000	   -202.27069288
     48.00000000	      0.19331000	   -283.75730882
     49.00000000	      0.19741000	   -371.48459136
     50.00000000	      0.20151000	   -461.24984444
     51.00000000	      0.20561000	   -551.02809670
     52.00000000	      0.20971000	   -640.05969242
     53.00000000	      0.21381000	   -728.04485482
     54.00000000	      0.21791000	   -813.69006270
     55.00000000	      0.22201000	   -894.84109257
     56.00000000	      0.22611000	   -968.60918882
     57.00000000	      0.23021000	  -1032.53651579
     58.00000000	      0.23431000	  -1085.11784917
     59.00000000	      0.23841000	  -1125.94288204
     60.00000000	      0.24251000	  -1155.55356081
     61.00000000	      0.24661000	  -1175.03940919
     62.00000000	      0.25071000	  -1186.02704599
     63.00000000	      0.25481000	  -1190.21403785
     64.00000000	      0.25891000	  -1189.46444187
     65.00000000	      0.26301000	  -1185.45694758
     66.00000000	      0.26711000	  -1179.93989584
     67.00000000	      0.27121000	  -1174.39162927
     68.00000000	      0.27531000	  -1169.88907665
     69.00000000	      0.27941000	  -1166.62919003
     70.00000000	      0.28351000	  -1164.04970325
     71.00000000	      0.28761000	  -1161.16771805
     72.00000000	      0.29171000	  -1157.58441915
     73.00000000	      0.29581000	  -1153.35608638
     74.00000000	      0.29991000	  -1149.34771896
     75.00000000	      0.30401000	  -1146.61444463
     76.00000000	      0.30811000	  -1146.17724929
     77.00000000	      0.31221000	  -1148.51288791
     78.00000000	      0.31631000	  -1153.64153113
     79.00000000	      0.32041000	  -1161.18166393
     80.00000000	      0.32451000	  -1170.65426121
     81.00000000	      0.32861000	  -1181.59652267
     82.00000000	      0.33271000	  -1193.47431220
     83.00000000	      0.33681000	  -1205.95782550
     84.00000000	      0.34091000	  -1218.69691686
     85.00000000	      0.34501000	  -1231.54199256
     86.00000000	      0.34911000	  -1244.33994282
     87.00000000	      0.35321000	  -1257.11086786
     88.00000000	      0.35731000	  -1269.68795454
     89.00000000	      0.36141000	  -1282.08684967
     90.00000000	      0.36551000	  -1294.27391027
     91.00000000	      0.36961000	  -1306.20007008
     92.00000000	      0.37371000	  -1317.64565873
     93.00000000	      0.37781000	  -1328.42940025
     94.00000000	      0.38191000	  -1338.13535192
     95.00000000	      0.38601000	  -1346.23690921
     96.00000000	      0.39011000	  -1352.05843910
     97.00000000	      0.39421000	  -1355.06836018
     98.00000000	      0.39831000	  -1354.97698747
     99.00000000	      0.40241000	  -1351.80008534
    100.00000000	      0.40651000	  -1345.80894408
    101.00000000	      0.41061000	  -1337.51292548
    102.00000000	      0.41471000	  -1327.69069945
    103.00000000	      0.41881000	  -1317.01784400
    104.00000000	      0.42291000	  -1306.30958713
    105.00000000	      0.42701000	  -1296.08971216
    106.00000000	      0.43111000	  -1286.82658111
    107.00000000	      0.43521000	  -1278.62143786
    108.00000000	      0.43931000	  -1271.48587340
    109.00000000	      0.44341000	  -1265.15455832
    110.00000000	      0.44751000	  -1259.59551523
    111.00000000	      0.45161000	  -1254.47497566
    112.00000000	      0.45571000	  -1249.61202421
    113.00000000	      0.45981000	  -1244.63472374
    114.00000000	      0.46391000	  -1239.34832652
    115.00000000	      0.46801000	  -1233.46667259
    116.00000000	      0.47211000	  -1226.95083927
    117.00000000	      0.47621000	  -1219.73942989
    118.00000000	      0.48031000	  -1211.93428867
    119.00000000	      0.48441000	  -1203.53430679
    120.00000000	      0.48851000	  -1194.64364346
    121.00000000	      0.49261000	  -1185.40671828
    122.00000000	      0.49671000	  -1175.98692476
    123.00000000	      0.50081000	  -1166.41759120
    124.00000000	      0.50491000	  -1156.71222630
    125.00000000	      0.50901000	  -1146.93334421
    126.00000000	      0.51311000	  -1137.06969861
    127.00000000	      0.51721000	  -1127.21309223
    128.00000000	      0.52131000	  -1117.42219864
    129.00000000	      0.52541000	  -1107.78515030
    130.00000000	      0.52951000	  -1098.31521901
    131.00000000	      0.53361000	  -1089.11050620
    132.00000000	      0.53771000	  -1080.26449026
    133.00000000	      0.54181000	  -1072.02919636
    134.00000000	      0.54591000	  -1064.52863388
    135.00000000	      0.55001000	  -1057.93606129
    136.00000000	      0.55411000	  -1052.29939223
    137.00000000	      0.55821000	  -1047.72687993
    138.00000000	      0.56231000	  -1044.18571670
    139.00000000	      0.56641000	  -1041.74648202
    140.00000000	      0.57051000	  -1040.30084869
    141.00000000	      0.57461000	  -1039.76980420
    142.00000000	      0.57871000	  -1039.98296670
    143.00000000	      0.58281000	  -1040.89194040
    144.00000000	      0.58691000	  -1042.48713285
    145.00000000	      0.59101000	  -1044.87875224
    146.00000000	      0.59511000	  -1048.03012133
    147.00000000	      0.59921000	  -1051.88806626
    148.00000000	      0.60331000	  -1056.36373033
    149.00000000	      0.60741000	  -1061.40473972
    150.00000000	      0.61151000	  -1066.97753326
    151.00000000	      0.61561000	  -1072.99139528
    152.00000000	      0.61971000	  -1079.36739485
    153.00000000	      0.62381000	  -1085.96877297
    154.00000000	      0.62791000	  -1092.72793409
    155.00000000	      0.63201000	  -1099.43098523
    156.00000000	      0.63611000	  -1105.99711071
    157.00000000	      0.64021000	  -1112.24720012
    158.00000000	      0.64431000	  -1118.08518659
    159.00000000	      0.64841000	  -1123.31582464
    160.00000000	      0.65251000	  -1127.91493529
    161.00000000	      0.65661000	  -1131.80590680
    162.00000000	      0.66071000	  -1135.00422225
    163.00000000	      0.66481000	  -1137.34935985
    164.00000000	      0.66891000	  -1138.78616458
    165.00000000	      0.67301000	  -1139.26360150
    166.00000000	      0.67711000	  -1138.81531049
    167.00000000	      0.68121000	  -1137.39055242
    168.00000000	      0.68531000	  -1135.08534683
    169.00000000	      0.68941000	  -1131.95470403
    170.00000000	      0.69351000	  -1128.01614031
    171.00000000	      0.69761000	  -1123.22509458
    172.00000000	      0.70171000	  -1117.54054492
    173.00000000	      0.70581000	  -1111.00645497
    174.00000000	      0.70991000	  -1103.66699304
    175.00000000	      0.71401000	  -1095.57778027
    176.00000000	      0.71811000	  -1086.78735740
    177.00000000	      0.72221000	  -1077.45910687
    178.00000000	      0.72631000	  -1067.58755527
    179.00000000	      0.73041000	  -1057.32795838
    180.00000000	      0.73451000	  -1046.79332680
    181.00000000	      0.73861000	  -1036.17854376
    182.00000000	      0.74271000	  -1025.47602439
    183.00000000	      0.74681000	  -1014.76649287
    184.00000000	      0.75091000	  -1003.97675794
    185.00000000	      0.75501000	   -993.24566064
    186.00000000	      0.75911000	   -982.45720723
    187.00000000	      0.76321000	   -971.53296406
    188.00000000	      0.76731000	   -960.17584724
    189.00000000	      0.77141000	   -948.17931229
    190.00000000	      0.77551000	   -935.29829546
    191.00000000	      0.77961000	   -921.50628340
    192.00000000	      0.78371000	   -906.71374258
    193.00000000	      0.78781000	   -890.93784336
    194.00000000	      0.79191000	   -874.10809796
    195.00000000	      0.79601000	   -856.25605586
    196.00000000	      0.80011000	   -837.44550657
    197.00000000	      0.80421000	   -817.75464112
    198.00000000	      0.80831000	   -797.12807696
    199.00000000	      0.81241000	   -775.50838377
    200.00000000	      0.81651000	   -752.76898253
    201.00000000	      0.82061000	   -728.81817773
    202.00000000	      0.82471000	   -703.65676599
    203.00000000	      0.82881000	   -677.32818885
    204.00000000	      0.83291000	   -649.95161351
    205.00000000	      0.83701000	   -621.62325280
    206.00000000	      0.84111000	   -592.52544919
    207.00000000	      0.84521000	   -562.78168916
    208.00000000	      0.84931000	   -532.66926128
    209.00000000	      0.85341000	   -502.30598801
    210.00000000	      0.85751000	   -471.89560945
    211.00000000	      0.86161000	   -441.55640621
    212.00000000	      0.86571000	   -411.50321922
    213.00000000	      0.86981000	   -381.90981555
    214.00000000	      0.87391000	   -353.01747341
    215.00000000	      0.87801000	   -325.00476982
    216.00000000	      0.88211000	   -298.01269745
    217.00000000	      0.88621000	   -272.12492618
    218.00000000	      0.89031000	   -247.41529074
    219.00000000	      0.89441000	   -223.91850924
    220.00000000	      0.89851000	   -201.72248101
    221.00000000	      0.90261000	   -180.90016512
    222.00000000	      0.90671000	   -161.54415019
    223.00000000	      0.91081000	   -143.69087928
    224.00000000	      0.91491000	   -127.35505367
    225.00000000	      0.91901000	   -112.50109831
    226.00000000	      0.92311000	    -99.01433213
    227.00000000	      0.92721000	    -86.78027318
    228.00000000	      0.93131000	    -75.62569970
    229.00000000	      0.93541000	    -65.44841275
    230.00000000	      0.93951000	    -56.05012750
    231.00000000	      0.94361000	    -47.42633841
    232.00000000	      0.94771000	    -39.48195080
    233.00000000	      0.95181000	    -32.24596177
    234.00000000	      0.95591000	    -25.20211691
    235.00000000	      0.96001000	      0.06272747
    236.00000000	      0.96411000	      0.07887615
    237.00000000	      0.96821000	      0.08015150
    238.00000000	      0.97231000	      0.08147600
    239.00000000	      0.97641000	      0.08284631
    240.00000000	      0.98051000	      0.08430974
    241.00000000	      0.98461000	      0.08578114
    242.00000000	      0.98871000	      0.08724509
    243.00000000	      0.99281000	      0.08868327
    244.00000000	      0.99691000	      0.09007428
    245.00000000	      1.00101000	      0.09139351
    246.00000000	      1.00511000	      0.09261336
    247.00000000	      1.00921000	      0.09370357
    248.00000000	      1.01331000	      0.09463154
    249.00000000	      1.01741000	      0.09536260
    250.00000000	      1.02151000	      0.09586048
    251.00000000	      1.02561000	      0.09608801
    252.00000000	      1.02971000	      0.09600799
    253.00000000	      1.03381000	      0.09529237
    254.00000000	      1.03791000	      0.09378522
    255.00000000	      1.04201000	      0.09187737
    256.00000000	      1.04611000	      0.08955946
    257.00000000	      1.05021000	      0.08682540
    258.00000000	      1.05431000	      0.08367316
    259.00000000	      1.05841000	      0.08013240
    260.00000000	      1.06251000	      0.07622173
    261.00000000	      1.06661000	      0.07192253
    262.00000000	      1.07071000	      0.06725772
    263.00000000	      1.07481000	      0.06225892
    264.00000000	      1.07891000	      0.05696735
    265.00000000	      1.08301000	      0.05187970
    266.00000000	      1.08711000	      0.04783915
    267.00000000	      1.09121000	      0.04329499
    268.00000000	      1.09531000	      0.03832827
    269.00000000	      1.09941000	      0.03304055
    270.00000000	      1.10351000	      0.02755041
    271.00000000	      1.10761000	      0.02198908
    272.00000000	      1.11171000	      0.01649558
    273.00000000	      1.11581000	      0.01074625
    274.00000000	      1.11991000	      0.00543499
    275.00000000	      1.12401000	      0.00080374
    276.00000000	      1.12811000	     -0.00306743
    277.00000000	      1.13221000	     -0.00611181
    278.00000000	      1.13631000	     -0.00827771
    279.00000000	      1.14041000	     -0.00952968
    280.00000000	      1.14451000	     -0.00984914
    281.00000000	      1.14861000	     -0.00923428
    282.00000000	      1.15271000	     -0.00769947
    283.00000000	      1.15681000	     -0.00527430
    284.00000000	      1.16091000	     -0.00200236
    285.00000000	      1.16501000	      0.00206010
    286.00000000	      1.16911000	      0.00684586
    287.00000000	      1.17321000	      0.01227891
    288.00000000	      1.17731000	      0.01827676
    289.00000000	      1.18141000	      0.02475301
    290.00000000	      1.18551000	      0.03161989
    291.00000000	      1.18961000	      0.03879070
    292.00000000	      1.19371000	      0.04618213
    293.00000000	      1.19781000	      0.05371649
    294.00000000	      1.20191000	      0.06132355
    295.00000000	      1.20601000	      0.06894216
    296.00000000	      1.21011000	      0.07652144
    297.00000000	      1.21421000	      0.08402144
    298.00000000	      1.21831000	      0.09141333
    299.00000000	      1.22241000	      0.09867895
    300.00000000	      1.22651000	      0.10580990
    301.00000000	      1.23061000	      0.11280608
    302.00000000	      1.23471000	      0.11967374
    303.00000000	      1.23881000	      0.12642341
    304.00000000	      1.24291000	      0.13306758
    305.00000000	      1.24701000	      0.13961851
    306.00000000	      1.25111000	      0.14608610
    307.00000000	      1.25521000	      0.15247580
    308.00000000	      1.25931000	      0.15878658
    309.00000000	      1.26341000	      0.16500924
    310.00000000	      1.26751000	      0.17112535
    311.00000000	      1.27161000	      0.17710714
    312.00000000	      1.27571000	      0.18291826
    313.00000000	      1.27981000	      0.18851484
    314.00000000	      1.28391000	      0.19384655
    315.00000000	      1.28801000	      0.19886660
    316.00000000	      1.29211000	      0.20351283
    317.00000000	      1.29621000	      0.20771566
    318.00000000	      1.30031000	      0.21142337
    319.00000000	      1.30441000	      0.21458100
    320.00000000	      1.30851000	      0.21713753
    321.00000000	      1.31261000	      0.21904847
    322.00000000	      1.31671000	      0.22028106
    323.00000000	      1.32081000	      0.22084770
    324.00000000	      1.32491000	      0.22066486
    325.00000000	      1.32901000	      0.21971735
    326.00000000	      1.33311000	      0.21800046
    327.00000000	      1.33721000	      0.21551821
    328.00000000	      1.34131000	      0.21228583
    329.00000000	      1.34541000	      0.20626225
    330.00000000	      1.34951000	      1.73360457
    331.00000000	      1.35361000	     31.34832496
    332.00000000	      1.35771000	     46.40506814
    333.00000000	      1.36181000	     65.38932177
    334.00000000	      1.36591000	     87.93448161
    335.00000000	      1.37001000	    113.24116821
    336.00000000	      1.37411000	    140.35148720
    337.00000000	      1.37821000	    168.57555324
    338.00000000	      1.38231000	    197.34523074
    339.00000000	      1.38641000	    226.31008013
    340.00000000	      1.39051000	    255.11726575
    341.00000000	      1.39461000	    283.21928351
    342.00000000	      1.39871000	    310.08043207
    343.00000000	      1.40281000	    335.09206678
    344.00000000	      1.40691000	    357.70984982
    345.00000000	      1.41101000	    377.52231080
    346.00000000	      1.41511000	    394.32801103
    347.00000000	      1.41921000	    408.21332037
    348.00000000	      1.42331000	    419.42763365
    349.00000000	      1.42741000	    428.44606690
    350.00000000	      1.43151000	    435.76209865
    351.00000000	      1.43561000	    441.89369097
    352.00000000	      1.43971000	    447.34941533
    353.00000000	      1.44381000	    452.58970678
    354.00000000	      1.44791000	    458.04504593
    355.00000000	      1.45201000	    464.06119114
    356.00000000	      1.45611000	    470.85303679
    357.00000000	      1.46021000	    478.54222348
    358.00000000	      1.46431000	    487.14453705
    359.00000000	      1.46841000	    496.59920833
    360.00000000	      1.47251000	    506.74790259
    361.00000000	      1.47661000	    517.32278312
    362.00000000	      1.48071000	    528.14065158
    363.00000000	      1.48481000	    538.96955042
    364.00000000	      1.48891000	    549.76714866
    365.00000000	      1.49301000	    560.59882673
    366.00000000	      1.49711000	    571.60051054
    367.00000000	      1.50121000	    582.82301856
    368.00000000	      1.50531000	    594.30817097
    369.00000000	      1.50941000	    606.01670857
    370.00000000	      1.51351000	    617.93103573
    371.00000000	      1.51761000	    630.12530145
    372.00000000	      1.52171000	    642.60732700
    373.00000000	      1.52581000	    655.26730697
    374.00000000	      1.52991000	    668.05050683
    375.00000000	      1.53401000	    680.82861039
    376.00000000	      1.53811000	    693.48743824
    377.00000000	      1.54221000	    705.81942779
    378.00000000	      1.54631000	    717.60363434
    379.00000000	      1.55041000	    728.64276814
    380.00000000	      1.55451000	    738.78688304
    381.00000000	      1.55861000	    747.97636557
    382.00000000	      1.56271000	    756.14432704
    383.00000000	      1.56681000	    763.42498125
    384.00000000	      1.57091000	    769.95856930
    385.00000000	      1.57501000	    776.03322317
    386.00000000	      1.57911000	    781.87536550
    387.00000000	      1.58321000	    787.77775294
    388.00000000	      1.58731000	    793.96020909
    389.00000000	      1.59141000	    800.61448947
    390.00000000	      1.59551000	    807.80284904
    391.00000000	      1.59961000	    815.68398035
    392.00000000	      1.60371000	    824.22671880
    393.00000000	      1.60781000	    833.35727014
    394.00000000	      1.61191000	    842.97755358
    395.00000000	      1.61601000	    853.01637154
    396.00000000	      1.62011000	    863.35650410
    397.00000000	      1.62421000	    873.92115077
    398.00000000	      1.62831000	    884.51460668
    399.00000000	      1.63241000	    895.03038639
    400.00000000	      1.63651000	    905.38052768
    401.00000000	      1.64061000	    915.44810053
    402.00000000	      1.64471000	    925.13102828
    403.00000000	      1.64881000	    934.47609920
    404.00000000	      1.65291000	    943.52258665
    405.00000000	      1.65701000	    952.22272484
    406.00000000	      1.66111000	    960.55101527
    407.00000000	      1.66521000	    968.45985914
    408.00000000	      1.66931000	    975.83331437
    409.00000000	      1.67341000	    982.61018766
    410.00000000	      1.67751000	    988.71787541
    411.00000000	      1.68161000	    994.17556983
    412.00000000	      1.68571000	    999.04930602
    413.00000000	      1.68981000	   1003.44071317
    414.00000000	      1.69391000	   1007.49001624
    415.00000000	      1.69801000	   1011.18139005
    416.00000000	      1.70211000	   1014.48559688
    417.00000000	      1.70621000	   1017.41197855
    418.00000000	      1.71031000	   1020.06521825
    419.00000000	      1.71441000	   1022.52357278
    420.00000000	      1.71851000	   1024.83625812
    421.00000000	      1.72261000	   1027.02230509
    422.00000000	      1.72671000	   1029.10088101
    423.00000000	      1.73081000	   1031.02799445
    424.00000000	      1.73491000	   1032.78757506
    425.00000000	      1.73901000	   1034.31623843
    426.00000000	      1.74311000	   1035.66345890
    427.00000000	      1.74721000	   1036.84468017
    428.00000000	      1.75131000	   1037.90609781
    429.00000000	      1.75541000	   1038.95794159
    430.00000000	      1.75951000	   1040.07354921
    431.00000000	      1.76361000	   1041.21779568
    432.00000000	      1.76771000	   1042.37731186
    433.00000000	      1.77181000	   1043.57153479
    434.00000000	      1.77591000	   1044.86142415
    435.00000000	      1.78001000	   1046.36126586
    436.00000000	      1.78411000	   1048.08272490
    437.00000000	      1.78821000	   1050.07349386
    438.00000000	      1.79231000	   1052.22578185
    439.00000000	      1.79641000	   1054.51134397
    440.00000000	      1.80051000	   1056.57230765
