UNKNOWN
version=1
nRows=293
nColumns=3
inDegrees=no
endheader
time	time	foot_flex_moment
      0.00000000	      0.00061000	    514.01568483
      1.00000000	      0.00471000	    519.33479611
      2.00000000	      0.00881000	    525.87490962
      3.00000000	      0.01291000	    530.27985098
      4.00000000	      0.01701000	    533.54699973
      5.00000000	      0.02111000	    537.12293763
      6.00000000	      0.02521000	    540.21957293
      7.00000000	      0.02931000	    543.34726636
      8.00000000	      0.03341000	    544.30852748
      9.00000000	      0.03751000	    545.21779214
     10.00000000	      0.04161000	    546.00347707
     11.00000000	      0.04571000	    545.56051725
     12.00000000	      0.04981000	    543.56298116
     13.00000000	      0.05391000	    539.35744077
     14.00000000	      0.05801000	    534.98743235
     15.00000000	      0.06211000	    528.39949172
     16.00000000	      0.06621000	    519.76905716
     17.00000000	      0.07031000	    509.84237778
     18.00000000	      0.07441000	    498.02185565
     19.00000000	      0.07851000	    484.93701171
     20.00000000	      0.08261000	    468.92386407
     21.00000000	      0.08671000	    452.51795465
     22.00000000	      0.09081000	    434.23731458
     23.00000000	      0.09491000	    414.26778562
     24.00000000	      0.09901000	    392.76901640
     25.00000000	      0.10311000	    370.39497832
     26.00000000	      0.10721000	    347.43077760
     27.00000000	      0.11131000	    323.53157958
     28.00000000	      0.11541000	    298.55211517
     29.00000000	      0.11951000	    274.04612436
     30.00000000	      0.12361000	    250.48218222
     31.00000000	      0.12771000	    228.55802747
     32.00000000	      0.13181000	    205.80358651
     33.00000000	      0.13591000	    184.10213133
     34.00000000	      0.14001000	    163.61355968
     35.00000000	      0.14411000	    142.74999761
     36.00000000	      0.14821000	    125.55356485
     37.00000000	      0.15231000	    108.82302180
     38.00000000	      0.15641000	     93.19651342
     39.00000000	      0.16051000	     79.24413988
     40.00000000	      0.16461000	     67.07319379
     41.00000000	      0.16871000	     55.93355233
     42.00000000	      0.17281000	     46.61742740
     43.00000000	      0.17691000	     39.07421492
     44.00000000	      0.18101000	     33.18259666
     45.00000000	      0.18511000	     30.38787400
     46.00000000	      0.18921000	     27.59026522
     47.00000000	      0.19331000	     23.73435575
     48.00000000	      0.19741000	     19.40515413
     49.00000000	      0.20151000	     14.84946721
     50.00000000	      0.20561000	     10.73777091
     51.00000000	      0.20971000	     10.29382770
     52.00000000	      0.21381000	     10.22360453
     53.00000000	      0.21791000	     10.33696422
     54.00000000	      0.22201000	      0.05847853
     55.00000000	      0.22611000	      0.05572652
     56.00000000	      0.23021000	      0.05527635
     57.00000000	      0.23431000	      0.05484089
     58.00000000	      0.23841000	      0.05442303
     59.00000000	      0.24251000	      0.05402527
     60.00000000	      0.24661000	      0.05364974
     61.00000000	      0.25071000	      0.05329807
     62.00000000	      0.25481000	      0.05297134
     63.00000000	      0.25891000	      0.05267004
     64.00000000	      0.26301000	      0.05239408
     65.00000000	      0.26711000	      0.05214283
     66.00000000	      0.27121000	      0.05191516
     67.00000000	      0.27531000	      0.05170955
     68.00000000	      0.27941000	      0.05152415
     69.00000000	      0.28351000	      0.05135695
     70.00000000	      0.28761000	      0.05120590
     71.00000000	      0.29171000	      0.05106904
     72.00000000	      0.29581000	      0.05094453
     73.00000000	      0.29991000	      0.05083073
     74.00000000	      0.30401000	      0.05072614
     75.00000000	      0.30811000	      0.05062938
     76.00000000	      0.31221000	      0.05053919
     77.00000000	      0.31631000	      0.05045434
     78.00000000	      0.32041000	      0.05037366
     79.00000000	      0.32451000	      0.05029589
     80.00000000	      0.32861000	      0.05021966
     81.00000000	      0.33271000	      0.05014347
     82.00000000	      0.33681000	      0.05006573
     83.00000000	      0.34091000	      0.04998483
     84.00000000	      0.34501000	      0.04989917
     85.00000000	      0.34911000	      0.04980725
     86.00000000	      0.35321000	      0.04970780
     87.00000000	      0.35731000	      0.04959990
     88.00000000	      0.36141000	      0.04948308
     89.00000000	      0.36551000	      0.04935731
     90.00000000	      0.36961000	      0.04922297
     91.00000000	      0.37371000	      0.04908066
     92.00000000	      0.37781000	      0.04893114
     93.00000000	      0.38191000	      0.04877531
     94.00000000	      0.38601000	      0.04861415
     95.00000000	      0.39011000	      0.04844870
     96.00000000	      0.39421000	      0.04828323
     97.00000000	      0.39831000	      0.04811655
     98.00000000	      0.40241000	      0.04794817
     99.00000000	      0.40651000	      0.04777909
    100.00000000	      0.41061000	      0.04761038
    101.00000000	      0.41471000	      0.04744320
    102.00000000	      0.41881000	      0.04727902
    103.00000000	      0.42291000	      0.04711965
    104.00000000	      0.42701000	      0.04696721
    105.00000000	      0.43111000	      0.04682410
    106.00000000	      0.43521000	      0.04669289
    107.00000000	      0.43931000	      0.04657624
    108.00000000	      0.44341000	      0.04647684
    109.00000000	      0.44751000	      0.04639735
    110.00000000	      0.45161000	      0.04634029
    111.00000000	      0.45571000	      0.04630793
    112.00000000	      0.45981000	      0.04630214
    113.00000000	      0.46391000	      0.04632431
    114.00000000	      0.46801000	      0.04637529
    115.00000000	      0.47211000	      0.04645538
    116.00000000	      0.47621000	      0.04656428
    117.00000000	      0.48031000	      0.04670109
    118.00000000	      0.48441000	      0.04686426
    119.00000000	      0.48851000	      0.04705165
    120.00000000	      0.49261000	      0.04726055
    121.00000000	      0.49671000	      0.04748779
    122.00000000	      0.50081000	      0.04772986
    123.00000000	      0.50491000	      0.04798307
    124.00000000	      0.50901000	      0.04824368
    125.00000000	      0.51311000	      0.04850811
    126.00000000	      0.51721000	      0.04877306
    127.00000000	      0.52131000	      0.04903571
    128.00000000	      0.52541000	      0.04929389
    129.00000000	      0.52951000	      0.04954624
    130.00000000	      0.53361000	      0.04979231
    131.00000000	      0.53771000	      0.05003274
    132.00000000	      0.54181000	      0.05026932
    133.00000000	      0.54591000	      0.05050506
    134.00000000	      0.55001000	      0.05074426
    135.00000000	      0.55411000	      0.05099245
    136.00000000	      0.55821000	      0.05125645
    137.00000000	      0.56231000	      0.05154423
    138.00000000	      0.56641000	      0.05186486
    139.00000000	      0.57051000	      0.05222825
    140.00000000	      0.57461000	      0.05264495
    141.00000000	      0.57871000	      0.05312587
    142.00000000	      0.58281000	      0.05368203
    143.00000000	      0.58691000	      0.05432420
    144.00000000	      0.59101000	      0.05506265
    145.00000000	      0.59511000	      0.05590680
    146.00000000	      0.59921000	      0.05686490
    147.00000000	      0.60331000	      0.05794381
    148.00000000	      0.60741000	      0.05914875
    149.00000000	      0.61151000	      0.06048312
    150.00000000	      0.61561000	      0.06195095
    151.00000000	      0.61971000	      1.64612426
    152.00000000	      0.62381000	    -33.46648480
    153.00000000	      0.62791000	    -96.29363258
    154.00000000	      0.63201000	   -167.00856846
    155.00000000	      0.63611000	   -247.98540926
    156.00000000	      0.64021000	   -335.91015369
    157.00000000	      0.64431000	   -415.34701048
    158.00000000	      0.64841000	   -474.68525401
    159.00000000	      0.65251000	   -512.97165173
    160.00000000	      0.65661000	   -542.02847182
    161.00000000	      0.66071000	   -567.42716707
    162.00000000	      0.66481000	   -595.54461127
    163.00000000	      0.66891000	   -623.98187063
    164.00000000	      0.67301000	   -650.50751015
    165.00000000	      0.67711000	   -664.51671551
    166.00000000	      0.68121000	   -662.94417116
    167.00000000	      0.68531000	   -652.92863232
    168.00000000	      0.68941000	   -640.08105379
    169.00000000	      0.69351000	   -630.36797464
    170.00000000	      0.69761000	   -622.88133361
    171.00000000	      0.70171000	   -618.38159022
    172.00000000	      0.70581000	   -620.31240681
    173.00000000	      0.70991000	   -623.69210212
    174.00000000	      0.71401000	   -630.03334467
    175.00000000	      0.71811000	   -635.41249312
    176.00000000	      0.72221000	   -640.85230112
    177.00000000	      0.72631000	   -645.77701650
    178.00000000	      0.73041000	   -648.68133159
    179.00000000	      0.73451000	   -650.74956664
    180.00000000	      0.73861000	   -653.81586383
    181.00000000	      0.74271000	   -656.83322110
    182.00000000	      0.74681000	   -670.97581521
    183.00000000	      0.75091000	   -675.71335634
    184.00000000	      0.75501000	   -680.29674236
    185.00000000	      0.75911000	   -679.82644426
    186.00000000	      0.76321000	   -678.61789320
    187.00000000	      0.76731000	   -671.27982282
    188.00000000	      0.77141000	   -663.41327860
    189.00000000	      0.77551000	   -652.56579352
    190.00000000	      0.77961000	   -640.81034437
    191.00000000	      0.78371000	   -627.61983859
    192.00000000	      0.78781000	   -613.99300909
    193.00000000	      0.79191000	   -600.75620316
    194.00000000	      0.79601000	   -587.24257586
    195.00000000	      0.80011000	   -573.08388960
    196.00000000	      0.80421000	   -558.48411353
    197.00000000	      0.80831000	   -543.71435424
    198.00000000	      0.81241000	   -529.65574597
    199.00000000	      0.81651000	   -515.91872576
    200.00000000	      0.82061000	   -501.45876360
    201.00000000	      0.82471000	   -485.82940197
    202.00000000	      0.82881000	   -469.71463790
    203.00000000	      0.83291000	   -453.71297270
    204.00000000	      0.83701000	   -436.98825494
    205.00000000	      0.84111000	   -422.18341893
    206.00000000	      0.84521000	   -407.97481805
    207.00000000	      0.84931000	   -395.36479965
    208.00000000	      0.85341000	   -382.15254498
    209.00000000	      0.85751000	   -370.10303717
    210.00000000	      0.86161000	   -357.88958336
    211.00000000	      0.86571000	   -345.65268613
    212.00000000	      0.86981000	   -333.91231301
    213.00000000	      0.87391000	   -322.96095092
    214.00000000	      0.87801000	   -311.89984779
    215.00000000	      0.88211000	   -301.66215587
    216.00000000	      0.88621000	   -291.91525309
    217.00000000	      0.89031000	   -281.79185862
    218.00000000	      0.89441000	   -272.16261870
    219.00000000	      0.89851000	   -262.56444544
    220.00000000	      0.90261000	   -253.75177521
    221.00000000	      0.90671000	   -245.00683551
    222.00000000	      0.91081000	   -235.91327979
    223.00000000	      0.91491000	   -227.31311213
    224.00000000	      0.91901000	   -217.67812756
    225.00000000	      0.92311000	   -208.26974499
    226.00000000	      0.92721000	   -199.07719650
    227.00000000	      0.93131000	   -189.39818925
    228.00000000	      0.93541000	   -179.91941438
    229.00000000	      0.93951000	   -170.58890531
    230.00000000	      0.94361000	   -160.39821078
    231.00000000	      0.94771000	   -150.54705100
    232.00000000	      0.95181000	   -139.63743033
    233.00000000	      0.95591000	   -129.38920876
    234.00000000	      0.96001000	   -117.89118983
    235.00000000	      0.96411000	   -106.54323318
    236.00000000	      0.96821000	    -95.22281344
    237.00000000	      0.97231000	    -83.75691118
    238.00000000	      0.97641000	    -71.70021198
    239.00000000	      0.98051000	    -60.22158916
    240.00000000	      0.98461000	    -48.14357361
    241.00000000	      0.98871000	    -36.56682450
    242.00000000	      0.99281000	    -24.45205835
    243.00000000	      0.99691000	    -12.34713647
    244.00000000	      1.00101000	     -0.26791527
    245.00000000	      1.00511000	     12.10946973
    246.00000000	      1.00921000	     24.22835433
    247.00000000	      1.01331000	     36.58882661
    248.00000000	      1.01741000	     48.94882155
    249.00000000	      1.02151000	     61.45240275
    250.00000000	      1.02561000	     73.91869104
    251.00000000	      1.02971000	     86.13689622
    252.00000000	      1.03381000	     98.77963815
    253.00000000	      1.03791000	    111.04511155
    254.00000000	      1.04201000	    123.52183798
    255.00000000	      1.04611000	    135.78180179
    256.00000000	      1.05021000	    148.17756751
    257.00000000	      1.05431000	    160.40499451
    258.00000000	      1.05841000	    172.62317313
    259.00000000	      1.06251000	    184.74969234
    260.00000000	      1.06661000	    196.98654558
    261.00000000	      1.07071000	    208.88168759
    262.00000000	      1.07481000	    220.94795116
    263.00000000	      1.07891000	    232.81734651
    264.00000000	      1.08301000	    244.60558368
    265.00000000	      1.08711000	    256.45918681
    266.00000000	      1.09121000	    268.16446620
    267.00000000	      1.09531000	    279.78592224
    268.00000000	      1.09941000	    291.06874101
    269.00000000	      1.10351000	    302.59114726
    270.00000000	      1.10761000	    314.31426020
    271.00000000	      1.11171000	    325.95643275
    272.00000000	      1.11581000	    337.09418762
    273.00000000	      1.11991000	    348.74735385
    274.00000000	      1.12401000	    360.48579532
    275.00000000	      1.12811000	    372.27350549
    276.00000000	      1.13221000	    383.51193217
    277.00000000	      1.13631000	    394.36455980
    278.00000000	      1.14041000	    405.65453379
    279.00000000	      1.14451000	    416.65217012
    280.00000000	      1.14861000	    426.85563648
    281.00000000	      1.15271000	    437.36103895
    282.00000000	      1.15681000	    447.49321373
    283.00000000	      1.16091000	    457.82266486
    284.00000000	      1.16501000	    467.02159391
    285.00000000	      1.16911000	    476.04416094
    286.00000000	      1.17321000	    484.74583565
    287.00000000	      1.17731000	    493.79072000
    288.00000000	      1.18141000	    502.27504325
    289.00000000	      1.18551000	    510.05309822
    290.00000000	      1.18961000	    517.10882346
    291.00000000	      1.19371000	    524.61099094
    292.00000000	      1.19781000	    532.57246451
