UNKNOWN
version=1
nRows=441
nColumns=3
inDegrees=no
endheader
time	time	hip_rotation_r_moment
      0.00000000	     -0.00349000	   -252.44352277
      1.00000000	      0.00061000	   -254.15573465
      2.00000000	      0.00471000	   -255.86855961
      3.00000000	      0.00881000	   -257.56559061
      4.00000000	      0.01291000	   -259.05927276
      5.00000000	      0.01701000	   -260.07066193
      6.00000000	      0.02111000	   -260.62723532
      7.00000000	      0.02521000	   -260.74431572
      8.00000000	      0.02931000	   -260.36835429
      9.00000000	      0.03341000	   -259.58730476
     10.00000000	      0.03751000	   -258.57262961
     11.00000000	      0.04161000	   -257.39956393
     12.00000000	      0.04571000	   -256.18437446
     13.00000000	      0.04981000	   -254.97225607
     14.00000000	      0.05391000	   -253.53394235
     15.00000000	      0.05801000	   -251.83118502
     16.00000000	      0.06211000	   -250.03907920
     17.00000000	      0.06621000	   -248.16387106
     18.00000000	      0.07031000	   -246.19922685
     19.00000000	      0.07441000	   -244.19909898
     20.00000000	      0.07851000	   -242.07209066
     21.00000000	      0.08261000	   -239.72090345
     22.00000000	      0.08671000	   -237.12617900
     23.00000000	      0.09081000	   -234.24132739
     24.00000000	      0.09491000	   -230.97090347
     25.00000000	      0.09901000	   -227.37647415
     26.00000000	      0.10311000	   -223.51694528
     27.00000000	      0.10721000	   -219.29828044
     28.00000000	      0.11131000	   -214.74131356
     29.00000000	      0.11541000	   -209.86439895
     30.00000000	      0.11951000	   -204.62967139
     31.00000000	      0.12361000	   -199.17955267
     32.00000000	      0.12771000	   -193.63153457
     33.00000000	      0.13181000	   -187.92451561
     34.00000000	      0.13591000	   -182.02676211
     35.00000000	      0.14001000	   -175.83696648
     36.00000000	      0.14411000	   -169.15787132
     37.00000000	      0.14821000	   -161.86475439
     38.00000000	      0.15231000	   -153.97797048
     39.00000000	      0.15641000	   -145.48955667
     40.00000000	      0.16051000	   -136.45413917
     41.00000000	      0.16461000	   -127.00661562
     42.00000000	      0.16871000	   -117.32150999
     43.00000000	      0.17281000	   -107.42932826
     44.00000000	      0.17691000	    -97.48588437
     45.00000000	      0.18101000	    -87.77555233
     46.00000000	      0.18511000	    -78.42989398
     47.00000000	      0.18921000	    -69.40904534
     48.00000000	      0.19331000	    -60.69993641
     49.00000000	      0.19741000	    -52.16281431
     50.00000000	      0.20151000	    -43.65012060
     51.00000000	      0.20561000	    -35.19453678
     52.00000000	      0.20971000	    -26.86083881
     53.00000000	      0.21381000	    -18.64737227
     54.00000000	      0.21791000	    -10.63133804
     55.00000000	      0.22201000	     -2.88461239
     56.00000000	      0.22611000	      4.63155508
     57.00000000	      0.23021000	     11.76810025
     58.00000000	      0.23431000	     18.20487202
     59.00000000	      0.23841000	     23.94111413
     60.00000000	      0.24251000	     29.02694231
     61.00000000	      0.24661000	     33.37468931
     62.00000000	      0.25071000	     37.13118487
     63.00000000	      0.25481000	     40.45161640
     64.00000000	      0.25891000	     43.20964843
     65.00000000	      0.26301000	     45.32951835
     66.00000000	      0.26711000	     46.95388775
     67.00000000	      0.27121000	     47.99977851
     68.00000000	      0.27531000	     48.31812444
     69.00000000	      0.27941000	     47.95919312
     70.00000000	      0.28351000	     46.96004208
     71.00000000	      0.28761000	     45.33283304
     72.00000000	      0.29171000	     43.32078862
     73.00000000	      0.29581000	     41.04361501
     74.00000000	      0.29991000	     38.49599424
     75.00000000	      0.30401000	     35.72847571
     76.00000000	      0.30811000	     32.74479682
     77.00000000	      0.31221000	     29.46315675
     78.00000000	      0.31631000	     25.87186228
     79.00000000	      0.32041000	     22.12904922
     80.00000000	      0.32451000	     18.36700959
     81.00000000	      0.32861000	     14.63494504
     82.00000000	      0.33271000	     11.11818717
     83.00000000	      0.33681000	      7.95882356
     84.00000000	      0.34091000	      5.17448987
     85.00000000	      0.34501000	      2.83312791
     86.00000000	      0.34911000	      0.46538852
     87.00000000	      0.35321000	     -1.25001935
     88.00000000	      0.35731000	     -1.07047066
     89.00000000	      0.36141000	     -0.91708812
     90.00000000	      0.36551000	     -0.78784292
     91.00000000	      0.36961000	     -0.68076361
     92.00000000	      0.37371000	     -0.59324329
     93.00000000	      0.37781000	     -0.52219470
     94.00000000	      0.38191000	     -0.46419606
     95.00000000	      0.38601000	     -0.41560804
     96.00000000	      0.39011000	     -0.37269143
     97.00000000	      0.39421000	     -0.33176381
     98.00000000	      0.39831000	     -0.28938018
     99.00000000	      0.40241000	     -0.24248638
    100.00000000	      0.40651000	     -0.18852693
    101.00000000	      0.41061000	     -0.12552328
    102.00000000	      0.41471000	     -0.05213896
    103.00000000	      0.41881000	      0.03225437
    104.00000000	      0.42291000	      0.12752690
    105.00000000	      0.42701000	      0.23279986
    106.00000000	      0.43111000	      0.34654982
    107.00000000	      0.43521000	      0.46659645
    108.00000000	      0.43931000	      0.59020267
    109.00000000	      0.44341000	      0.71416202
    110.00000000	      0.44751000	      0.83491195
    111.00000000	      0.45161000	      0.94870832
    112.00000000	      0.45571000	      1.05184015
    113.00000000	      0.45981000	      1.14087587
    114.00000000	      0.46391000	      1.21292327
    115.00000000	      0.46801000	      1.26579340
    116.00000000	      0.47211000	      1.29819786
    117.00000000	      0.47621000	      1.30988453
    118.00000000	      0.48031000	      1.30171157
    119.00000000	      0.48441000	      1.27565796
    120.00000000	      0.48851000	      1.23544515
    121.00000000	      0.49261000	      1.18473911
    122.00000000	      0.49671000	      1.12739926
    123.00000000	      0.50081000	      1.06848707
    124.00000000	      0.50491000	      1.01333549
    125.00000000	      0.50901000	      0.96723523
    126.00000000	      0.51311000	      0.93508031
    127.00000000	      0.51721000	      0.92074819
    128.00000000	      0.52131000	      0.92724706
    129.00000000	      0.52541000	      0.95678141
    130.00000000	      0.52951000	      1.00918302
    131.00000000	      0.53361000	      1.08246036
    132.00000000	      0.53771000	      1.17280812
    133.00000000	      0.54181000	      1.27475106
    134.00000000	      0.54591000	      1.38141509
    135.00000000	      0.55001000	      1.48491312
    136.00000000	      0.55411000	      1.57682317
    137.00000000	      0.55821000	      1.64872661
    138.00000000	      0.56231000	      1.69276660
    139.00000000	      0.56641000	      1.70218484
    140.00000000	      0.57051000	      1.67180034
    141.00000000	      0.57461000	      1.59840156
    142.00000000	      0.57871000	      1.48101751
    143.00000000	      0.58281000	      1.32103206
    144.00000000	      0.58691000	      1.12213880
    145.00000000	      0.59101000	      0.89016141
    146.00000000	      0.59511000	      0.63274228
    147.00000000	      0.59921000	      0.35889761
    148.00000000	      0.60331000	      0.07847551
    149.00000000	      0.60741000	     -0.19842657
    150.00000000	      0.61151000	     -0.46202887
    151.00000000	      0.61561000	     -0.70337220
    152.00000000	      0.61971000	     -0.91474312
    153.00000000	      0.62381000	     -1.09003805
    154.00000000	      0.62791000	     -1.22507465
    155.00000000	      0.63201000	     -1.31782028
    156.00000000	      0.63611000	     -1.36847790
    157.00000000	      0.64021000	     -1.37940595
    158.00000000	      0.64431000	     -1.35491808
    159.00000000	      0.64841000	     -1.30101665
    160.00000000	      0.65251000	     -1.22507153
    161.00000000	      0.65661000	     -1.13542485
    162.00000000	      0.66071000	     -1.04090677
    163.00000000	      0.66481000	     -0.95029110
    164.00000000	      0.66891000	     -0.87176107
    165.00000000	      0.67301000	     -0.81245015
    166.00000000	      0.67711000	     -0.77815133
    167.00000000	      0.68121000	     -0.77292734
    168.00000000	      0.68531000	     -0.79870744
    169.00000000	      0.68941000	     -0.85576571
    170.00000000	      0.69351000	     -0.94256016
    171.00000000	      0.69761000	     -1.05589552
    172.00000000	      0.70171000	     -1.19117130
    173.00000000	      0.70581000	     -1.34270207
    174.00000000	      0.70991000	     -1.50409238
    175.00000000	      0.71401000	     -1.66862628
    176.00000000	      0.71811000	     -1.82962822
    177.00000000	      0.72221000	     -1.98077426
    178.00000000	      0.72631000	     -2.11620641
    179.00000000	      0.73041000	     -2.23110293
    180.00000000	      0.73451000	     -2.32148839
    181.00000000	      0.73861000	     -2.38440489
    182.00000000	      0.74271000	     -2.40139527
    183.00000000	      0.74681000	    -38.86047907
    184.00000000	      0.75091000	    -44.04028404
    185.00000000	      0.75501000	    -52.65728842
    186.00000000	      0.75911000	    -60.63646828
    187.00000000	      0.76321000	    -67.24733970
    188.00000000	      0.76731000	    -72.01563005
    189.00000000	      0.77141000	    -74.48876174
    190.00000000	      0.77551000	    -74.43842695
    191.00000000	      0.77961000	    -71.91143040
    192.00000000	      0.78371000	    -67.19797966
    193.00000000	      0.78781000	    -60.75494153
    194.00000000	      0.79191000	    -53.12301163
    195.00000000	      0.79601000	    -44.76017881
    196.00000000	      0.80011000	    -36.19090302
    197.00000000	      0.80421000	    -27.68457626
    198.00000000	      0.80831000	    -19.28977901
    199.00000000	      0.81241000	    -11.03983917
    200.00000000	      0.81651000	     -3.05378334
    201.00000000	      0.82061000	      4.47845225
    202.00000000	      0.82471000	     11.38178937
    203.00000000	      0.82881000	     17.49056621
    204.00000000	      0.83291000	     22.62076198
    205.00000000	      0.83701000	     26.66286397
    206.00000000	      0.84111000	     29.49937956
    207.00000000	      0.84521000	     31.12446516
    208.00000000	      0.84931000	     31.59089803
    209.00000000	      0.85341000	     30.97256197
    210.00000000	      0.85751000	     29.37036602
    211.00000000	      0.86161000	     26.96310376
    212.00000000	      0.86571000	     23.93153859
    213.00000000	      0.86981000	     20.42668549
    214.00000000	      0.87391000	     16.67409786
    215.00000000	      0.87801000	     12.80023123
    216.00000000	      0.88211000	      8.88316256
    217.00000000	      0.88621000	      5.02493629
    218.00000000	      0.89031000	      1.27125214
    219.00000000	      0.89441000	     -2.36867199
    220.00000000	      0.89851000	     -5.90260143
    221.00000000	      0.90261000	     -9.30873372
    222.00000000	      0.90671000	    -12.55676363
    223.00000000	      0.91081000	    -15.63002405
    224.00000000	      0.91491000	    -18.47707167
    225.00000000	      0.91901000	    -21.14363040
    226.00000000	      0.92311000	    -23.63997540
    227.00000000	      0.92721000	    -25.94534167
    228.00000000	      0.93131000	    -28.07849655
    229.00000000	      0.93541000	    -30.11387028
    230.00000000	      0.93951000	    -32.06626524
    231.00000000	      0.94361000	    -33.90697066
    232.00000000	      0.94771000	    -35.68257513
    233.00000000	      0.95181000	    -37.42085648
    234.00000000	      0.95591000	    -39.17763630
    235.00000000	      0.96001000	    -41.00665151
    236.00000000	      0.96411000	    -42.97996574
    237.00000000	      0.96821000	    -45.16768495
    238.00000000	      0.97231000	    -47.62212539
    239.00000000	      0.97641000	    -50.33480758
    240.00000000	      0.98051000	    -53.20849709
    241.00000000	      0.98461000	    -56.18868188
    242.00000000	      0.98871000	    -59.25263394
    243.00000000	      0.99281000	    -62.35449304
    244.00000000	      0.99691000	    -65.48969000
    245.00000000	      1.00101000	    -68.64990359
    246.00000000	      1.00511000	    -71.81538645
    247.00000000	      1.00921000	    -74.96535192
    248.00000000	      1.01331000	    -78.12662262
    249.00000000	      1.01741000	    -81.22132843
    250.00000000	      1.02151000	    -84.21160055
    251.00000000	      1.02561000	    -87.09510836
    252.00000000	      1.02971000	    -89.90937185
    253.00000000	      1.03381000	    -92.66185417
    254.00000000	      1.03791000	    -95.34074704
    255.00000000	      1.04201000	    -97.94473870
    256.00000000	      1.04611000	   -100.42977548
    257.00000000	      1.05021000	   -102.83533611
    258.00000000	      1.05431000	   -105.15621113
    259.00000000	      1.05841000	   -107.38161668
    260.00000000	      1.06251000	   -109.51008411
    261.00000000	      1.06661000	   -111.54835465
    262.00000000	      1.07071000	   -113.48520496
    263.00000000	      1.07481000	   -115.26963541
    264.00000000	      1.07891000	   -116.93147413
    265.00000000	      1.08301000	   -118.50536600
    266.00000000	      1.08711000	   -119.96397463
    267.00000000	      1.09121000	   -121.36173853
    268.00000000	      1.09531000	   -122.68374949
    269.00000000	      1.09941000	   -123.89507670
    270.00000000	      1.10351000	   -124.97321360
    271.00000000	      1.10761000	   -125.95846412
    272.00000000	      1.11171000	   -126.86518751
    273.00000000	      1.11581000	   -127.66978757
    274.00000000	      1.11991000	   -128.36877385
    275.00000000	      1.12401000	   -128.93756181
    276.00000000	      1.12811000	   -129.33080557
    277.00000000	      1.13221000	   -129.58820737
    278.00000000	      1.13631000	   -129.76051073
    279.00000000	      1.14041000	   -129.86003779
    280.00000000	      1.14451000	   -129.92181333
    281.00000000	      1.14861000	   -129.97371305
    282.00000000	      1.15271000	   -129.96776588
    283.00000000	      1.15681000	   -129.87604139
    284.00000000	      1.16091000	   -129.79176922
    285.00000000	      1.16501000	   -129.69417240
    286.00000000	      1.16911000	   -129.59947421
    287.00000000	      1.17321000	   -129.50880658
    288.00000000	      1.17731000	   -129.42259676
    289.00000000	      1.18141000	   -129.27901825
    290.00000000	      1.18551000	   -129.11697957
    291.00000000	      1.18961000	   -128.97786235
    292.00000000	      1.19371000	   -128.81723200
    293.00000000	      1.19781000	   -128.65577646
    294.00000000	      1.20191000	   -128.55781061
    295.00000000	      1.20601000	   -128.51961474
    296.00000000	      1.21011000	   -128.55293244
    297.00000000	      1.21421000	   -128.66056656
    298.00000000	      1.21831000	   -128.78386342
    299.00000000	      1.22241000	   -128.90751775
    300.00000000	      1.22651000	   -129.10909315
    301.00000000	      1.23061000	   -129.37843731
    302.00000000	      1.23471000	   -129.69720046
    303.00000000	      1.23881000	   -130.10779514
    304.00000000	      1.24291000	   -130.61281812
    305.00000000	      1.24701000	   -131.19567587
    306.00000000	      1.25111000	   -131.84085630
    307.00000000	      1.25521000	   -132.57465930
    308.00000000	      1.25931000	   -133.33435574
    309.00000000	      1.26341000	   -134.15399847
    310.00000000	      1.26751000	   -134.99342872
    311.00000000	      1.27161000	   -135.82917239
    312.00000000	      1.27571000	   -136.68932798
    313.00000000	      1.27981000	   -137.58317516
    314.00000000	      1.28391000	   -138.51397295
    315.00000000	      1.28801000	   -139.44410262
    316.00000000	      1.29211000	   -140.35842076
    317.00000000	      1.29621000	   -141.23443314
    318.00000000	      1.30031000	   -142.03578894
    319.00000000	      1.30441000	   -142.84457456
    320.00000000	      1.30851000	   -143.64801229
    321.00000000	      1.31261000	   -144.42565103
    322.00000000	      1.31671000	   -145.19449573
    323.00000000	      1.32081000	   -145.90889432
    324.00000000	      1.32491000	   -146.47266660
    325.00000000	      1.32901000	   -146.83827715
    326.00000000	      1.33311000	   -147.01265285
    327.00000000	      1.33721000	   -146.94266421
    328.00000000	      1.34131000	   -146.68215497
    329.00000000	      1.34541000	   -146.28212964
    330.00000000	      1.34951000	   -145.73265148
    331.00000000	      1.35361000	   -145.04656844
    332.00000000	      1.35771000	   -144.33004422
    333.00000000	      1.36181000	   -143.55258055
    334.00000000	      1.36591000	   -142.65847841
    335.00000000	      1.37001000	   -141.62636674
    336.00000000	      1.37411000	   -140.43393083
    337.00000000	      1.37821000	   -138.93556992
    338.00000000	      1.38231000	   -137.10138795
    339.00000000	      1.38641000	   -134.96625132
    340.00000000	      1.39051000	   -132.49626576
    341.00000000	      1.39461000	   -129.74900875
    342.00000000	      1.39871000	   -126.77367945
    343.00000000	      1.40281000	   -123.56676417
    344.00000000	      1.40691000	   -120.18067097
    345.00000000	      1.41101000	   -116.58891050
    346.00000000	      1.41511000	   -112.83555539
    347.00000000	      1.41921000	   -108.90067492
    348.00000000	      1.42331000	   -104.77878075
    349.00000000	      1.42741000	   -100.45101391
    350.00000000	      1.43151000	    -95.82761864
    351.00000000	      1.43561000	    -90.92241845
    352.00000000	      1.43971000	    -85.74690728
    353.00000000	      1.44381000	    -80.34757627
    354.00000000	      1.44791000	    -74.75917255
    355.00000000	      1.45201000	    -69.08164695
    356.00000000	      1.45611000	    -63.35052622
    357.00000000	      1.46021000	    -57.56098675
    358.00000000	      1.46431000	    -51.76635856
    359.00000000	      1.46841000	    -46.11040345
    360.00000000	      1.47251000	    -40.65494080
    361.00000000	      1.47661000	    -35.50687697
    362.00000000	      1.48071000	    -30.66664071
    363.00000000	      1.48481000	    -26.15270036
    364.00000000	      1.48891000	    -21.95691580
    365.00000000	      1.49301000	    -18.05806056
    366.00000000	      1.49711000	    -14.44496996
    367.00000000	      1.50121000	    -11.11375204
    368.00000000	      1.50531000	     -8.75549369
    369.00000000	      1.50941000	     -0.66659541
    370.00000000	      1.51351000	     -0.47460644
    371.00000000	      1.51761000	     -0.27503868
    372.00000000	      1.52171000	     -0.06095065
    373.00000000	      1.52581000	      0.16325145
    374.00000000	      1.52991000	      0.39287989
    375.00000000	      1.53401000	      0.62370548
    376.00000000	      1.53811000	      0.85257649
    377.00000000	      1.54221000	      1.07753854
    378.00000000	      1.54631000	      1.29756432
    379.00000000	      1.55041000	      1.51204050
    380.00000000	      1.55451000	      1.72018123
    381.00000000	      1.55861000	      1.92077032
    382.00000000	      1.56271000	      2.11239941
    383.00000000	      1.56681000	      2.29374895
    384.00000000	      1.57091000	      2.46338388
    385.00000000	      1.57501000	      2.61924296
    386.00000000	      1.57911000	      2.75862808
    387.00000000	      1.58321000	      2.87894456
    388.00000000	      1.58731000	      2.97834127
    389.00000000	      1.59141000	      3.05551180
    390.00000000	      1.59551000	      3.10896931
    391.00000000	      1.59961000	      3.13659971
    392.00000000	      1.60371000	      3.13574898
    393.00000000	      1.60781000	      3.10323887
    394.00000000	      1.61191000	      3.03493940
    395.00000000	      1.61601000	      2.92558662
    396.00000000	      1.62011000	      2.76950475
    397.00000000	      1.62421000	      2.56184864
    398.00000000	      1.62831000	      2.29960519
    399.00000000	      1.63241000	      1.98204826
    400.00000000	      1.63651000	      1.61078527
    401.00000000	      1.64061000	      1.18964271
    402.00000000	      1.64471000	      0.72445577
    403.00000000	      1.64881000	      0.22264942
    404.00000000	      1.65291000	     -0.30727289
    405.00000000	      1.65701000	     -0.85578126
    406.00000000	      1.66111000	     -1.41172696
    407.00000000	      1.66521000	     -1.96195884
    408.00000000	      1.66931000	     -2.49192875
    409.00000000	      1.67341000	     -2.98695107
    410.00000000	      1.67751000	     -3.43328220
    411.00000000	      1.68161000	     -3.81859330
    412.00000000	      1.68571000	     -4.13215505
    413.00000000	      1.68981000	     -4.36496433
    414.00000000	      1.69391000	     -4.51000587
    415.00000000	      1.69801000	     -4.56263359
    416.00000000	      1.70211000	     -4.52079864
    417.00000000	      1.70621000	     -4.38483096
    418.00000000	      1.71031000	     -4.15687896
    419.00000000	      1.71441000	     -3.84030827
    420.00000000	      1.71851000	     -3.43917008
    421.00000000	      1.72261000	     -2.95787173
    422.00000000	      1.72671000	     -2.40133704
    423.00000000	      1.73081000	     -1.77578722
    424.00000000	      1.73491000	     -1.09000181
    425.00000000	      1.73901000	     -0.35689354
    426.00000000	      1.74311000	      0.40484013
    427.00000000	      1.74721000	      1.16909196
    428.00000000	      1.75131000	      1.90141981
    429.00000000	      1.75541000	      2.55873581
    430.00000000	      1.75951000	      3.09181666
    431.00000000	      1.76361000	      3.44794570
    432.00000000	      1.76771000	      3.58162906
    433.00000000	      1.77181000	      3.45758084
    434.00000000	      1.77591000	      3.08071878
    435.00000000	      1.78001000	      2.47949017
    436.00000000	      1.78411000	      1.78662985
    437.00000000	      1.78821000	      1.13244687
    438.00000000	      1.79231000	      0.83806400
    439.00000000	      1.79641000	      1.16323005
    440.00000000	      1.80051000	      1.88301034
