UNKNOWN
version=1
nRows=441
nColumns=3
inDegrees=no
endheader
time	time	hip_rotation_l_moment
      0.00000000	     -0.00349000	      0.24539886
      1.00000000	      0.00061000	      0.08001322
      2.00000000	      0.00471000	     -0.08118617
      3.00000000	      0.00881000	     -0.23643625
      4.00000000	      0.01291000	     -0.38392642
      5.00000000	      0.01701000	     -0.52185959
      6.00000000	      0.02111000	     -0.64853574
      7.00000000	      0.02521000	     -0.76244647
      8.00000000	      0.02931000	     -0.86237003
      9.00000000	      0.03341000	     -0.94744598
     10.00000000	      0.03751000	     -1.01720541
     11.00000000	      0.04161000	     -1.07156798
     12.00000000	      0.04571000	     -1.11083755
     13.00000000	      0.04981000	     -1.13567742
     14.00000000	      0.05391000	     -1.14700938
     15.00000000	      0.05801000	     -1.14585765
     16.00000000	      0.06211000	     -1.13324004
     17.00000000	      0.06621000	     -1.11015209
     18.00000000	      0.07031000	     -1.07759412
     19.00000000	      0.07441000	     -1.03659150
     20.00000000	      0.07851000	     -0.98820772
     21.00000000	      0.08261000	     -0.93358144
     22.00000000	      0.08671000	     -0.87401254
     23.00000000	      0.09081000	     -0.81103362
     24.00000000	      0.09491000	     -0.74632708
     25.00000000	      0.09901000	     -0.68338407
     26.00000000	      0.10311000	     -0.62167718
     27.00000000	      0.10721000	     -0.56214568
     28.00000000	      0.11131000	     -0.50548109
     29.00000000	      0.11541000	     -0.45214101
     30.00000000	      0.11951000	     -0.40240341
     31.00000000	      0.12361000	     -0.35640411
     32.00000000	      0.12771000	     -0.31413183
     33.00000000	      0.13181000	     -0.27542682
     34.00000000	      0.13591000	     -0.24002158
     35.00000000	      0.14001000	     -0.20759587
     36.00000000	      0.14411000	     -0.17779886
     37.00000000	      0.14821000	     -0.15023441
     38.00000000	      0.15231000	     -0.12445732
     39.00000000	      0.15641000	     -0.09994278
     40.00000000	      0.16051000	     -0.07595672
     41.00000000	      0.16461000	     -0.05276789
     42.00000000	      0.16871000	     -0.03339099
     43.00000000	      0.17281000	      2.99481005
     44.00000000	      0.17691000	      2.43277028
     45.00000000	      0.18101000	     -2.40442468
     46.00000000	      0.18511000	     -7.97742440
     47.00000000	      0.18921000	    -13.78931515
     48.00000000	      0.19331000	    -19.30664440
     49.00000000	      0.19741000	    -24.25602633
     50.00000000	      0.20151000	    -28.76032264
     51.00000000	      0.20561000	    -33.13133487
     52.00000000	      0.20971000	    -37.79873984
     53.00000000	      0.21381000	    -43.20325543
     54.00000000	      0.21791000	    -49.42622876
     55.00000000	      0.22201000	    -56.38317487
     56.00000000	      0.22611000	    -63.70585797
     57.00000000	      0.23021000	    -71.09222818
     58.00000000	      0.23431000	    -78.31543590
     59.00000000	      0.23841000	    -85.28960253
     60.00000000	      0.24251000	    -91.96246857
     61.00000000	      0.24661000	    -98.30232529
     62.00000000	      0.25071000	   -104.29542282
     63.00000000	      0.25481000	   -109.94331736
     64.00000000	      0.25891000	   -115.15126607
     65.00000000	      0.26301000	   -119.81107059
     66.00000000	      0.26711000	   -123.95480620
     67.00000000	      0.27121000	   -127.54888055
     68.00000000	      0.27531000	   -130.65301314
     69.00000000	      0.27941000	   -133.20471028
     70.00000000	      0.28351000	   -135.00578052
     71.00000000	      0.28761000	   -135.74534222
     72.00000000	      0.29171000	   -135.24131096
     73.00000000	      0.29581000	   -133.84583391
     74.00000000	      0.29991000	   -132.00913716
     75.00000000	      0.30401000	   -129.93070306
     76.00000000	      0.30811000	   -127.86838614
     77.00000000	      0.31221000	   -125.74235556
     78.00000000	      0.31631000	   -123.50243768
     79.00000000	      0.32041000	   -121.20201890
     80.00000000	      0.32451000	   -118.85101417
     81.00000000	      0.32861000	   -116.47512636
     82.00000000	      0.33271000	   -114.13192480
     83.00000000	      0.33681000	   -111.88269321
     84.00000000	      0.34091000	   -109.78921135
     85.00000000	      0.34501000	   -107.84900480
     86.00000000	      0.34911000	   -105.98980431
     87.00000000	      0.35321000	   -104.24871921
     88.00000000	      0.35731000	   -102.57031967
     89.00000000	      0.36141000	   -100.99162281
     90.00000000	      0.36551000	    -99.58694489
     91.00000000	      0.36961000	    -98.46294986
     92.00000000	      0.37371000	    -97.64901691
     93.00000000	      0.37781000	    -97.16649555
     94.00000000	      0.38191000	    -96.92978859
     95.00000000	      0.38601000	    -96.87597345
     96.00000000	      0.39011000	    -96.85762507
     97.00000000	      0.39421000	    -96.80074193
     98.00000000	      0.39831000	    -96.62038070
     99.00000000	      0.40241000	    -96.28542988
    100.00000000	      0.40651000	    -95.71517628
    101.00000000	      0.41061000	    -94.90704749
    102.00000000	      0.41471000	    -93.81851353
    103.00000000	      0.41881000	    -92.46824919
    104.00000000	      0.42291000	    -90.92239712
    105.00000000	      0.42701000	    -89.22740303
    106.00000000	      0.43111000	    -87.39231430
    107.00000000	      0.43521000	    -85.34499996
    108.00000000	      0.43931000	    -83.06029717
    109.00000000	      0.44341000	    -80.48026955
    110.00000000	      0.44751000	    -77.65435581
    111.00000000	      0.45161000	    -74.60842989
    112.00000000	      0.45571000	    -71.38995529
    113.00000000	      0.45981000	    -67.95296928
    114.00000000	      0.46391000	    -64.40686029
    115.00000000	      0.46801000	    -60.84007752
    116.00000000	      0.47211000	    -57.34907582
    117.00000000	      0.47621000	    -53.95008725
    118.00000000	      0.48031000	    -50.69596773
    119.00000000	      0.48441000	    -47.52109669
    120.00000000	      0.48851000	    -44.42110044
    121.00000000	      0.49261000	    -41.41534498
    122.00000000	      0.49671000	    -38.50303002
    123.00000000	      0.50081000	    -35.58577301
    124.00000000	      0.50491000	    -32.67508160
    125.00000000	      0.50901000	    -29.73277474
    126.00000000	      0.51311000	    -26.77503589
    127.00000000	      0.51721000	    -23.84056934
    128.00000000	      0.52131000	    -20.94640630
    129.00000000	      0.52541000	    -18.13027204
    130.00000000	      0.52951000	    -15.43417652
    131.00000000	      0.53361000	    -12.84205243
    132.00000000	      0.53771000	    -10.41019490
    133.00000000	      0.54181000	     -8.21393688
    134.00000000	      0.54591000	     -6.31239312
    135.00000000	      0.55001000	     -4.77679043
    136.00000000	      0.55411000	     -3.54844445
    137.00000000	      0.55821000	     -2.54419707
    138.00000000	      0.56231000	     -1.63268551
    139.00000000	      0.56641000	     -0.72569760
    140.00000000	      0.57051000	      0.23732091
    141.00000000	      0.57461000	      1.22693260
    142.00000000	      0.57871000	      2.29602705
    143.00000000	      0.58281000	      3.39645249
    144.00000000	      0.58691000	      4.51812381
    145.00000000	      0.59101000	      5.70277370
    146.00000000	      0.59511000	      6.95797675
    147.00000000	      0.59921000	      8.22646909
    148.00000000	      0.60331000	      9.56011817
    149.00000000	      0.60741000	     10.93388151
    150.00000000	      0.61151000	     12.32964922
    151.00000000	      0.61561000	     13.75068750
    152.00000000	      0.61971000	     15.19277792
    153.00000000	      0.62381000	     16.61433703
    154.00000000	      0.62791000	     18.04113994
    155.00000000	      0.63201000	     19.45322961
    156.00000000	      0.63611000	     20.76821739
    157.00000000	      0.64021000	     22.02706349
    158.00000000	      0.64431000	     23.23782269
    159.00000000	      0.64841000	     24.39873124
    160.00000000	      0.65251000	     25.48755078
    161.00000000	      0.65661000	     26.51562366
    162.00000000	      0.66071000	     27.39688808
    163.00000000	      0.66481000	     28.14207788
    164.00000000	      0.66891000	     28.71506176
    165.00000000	      0.67301000	     29.10757956
    166.00000000	      0.67711000	     29.21895581
    167.00000000	      0.68121000	     29.09074765
    168.00000000	      0.68531000	     28.72391107
    169.00000000	      0.68941000	     28.11712770
    170.00000000	      0.69351000	     27.26331254
    171.00000000	      0.69761000	     26.22696336
    172.00000000	      0.70171000	     24.96703396
    173.00000000	      0.70581000	     23.55222862
    174.00000000	      0.70991000	     22.06886655
    175.00000000	      0.71401000	     20.53316317
    176.00000000	      0.71811000	     18.92626167
    177.00000000	      0.72221000	     17.29961369
    178.00000000	      0.72631000	     15.66104624
    179.00000000	      0.73041000	     13.98424940
    180.00000000	      0.73451000	     12.31756961
    181.00000000	      0.73861000	     10.66597241
    182.00000000	      0.74271000	      9.03320048
    183.00000000	      0.74681000	      7.44791483
    184.00000000	      0.75091000	      5.93208998
    185.00000000	      0.75501000	      4.36779389
    186.00000000	      0.75911000	      2.78166529
    187.00000000	      0.76321000	      1.23967680
    188.00000000	      0.76731000	     -0.23613729
    189.00000000	      0.77141000	     -1.67158196
    190.00000000	      0.77551000	     -3.09904260
    191.00000000	      0.77961000	     -4.58774602
    192.00000000	      0.78371000	     -6.06693804
    193.00000000	      0.78781000	     -7.55473388
    194.00000000	      0.79191000	     -9.04333676
    195.00000000	      0.79601000	    -10.57941026
    196.00000000	      0.80011000	    -12.12641342
    197.00000000	      0.80421000	    -13.68475911
    198.00000000	      0.80831000	    -15.24746286
    199.00000000	      0.81241000	    -16.85937416
    200.00000000	      0.81651000	    -18.49379788
    201.00000000	      0.82061000	    -20.11670327
    202.00000000	      0.82471000	    -21.70162140
    203.00000000	      0.82881000	    -23.20013657
    204.00000000	      0.83291000	    -24.58229311
    205.00000000	      0.83701000	    -25.87451435
    206.00000000	      0.84111000	    -27.04688048
    207.00000000	      0.84521000	    -28.07023127
    208.00000000	      0.84931000	    -28.99661087
    209.00000000	      0.85341000	    -29.73927169
    210.00000000	      0.85751000	    -30.31355264
    211.00000000	      0.86161000	    -30.71439659
    212.00000000	      0.86571000	    -30.91360907
    213.00000000	      0.86981000	    -30.87992620
    214.00000000	      0.87391000	    -30.65713142
    215.00000000	      0.87801000	    -30.26148067
    216.00000000	      0.88211000	    -29.69324418
    217.00000000	      0.88621000	    -28.95434528
    218.00000000	      0.89031000	    -28.08707103
    219.00000000	      0.89441000	    -27.10669586
    220.00000000	      0.89851000	    -26.06069435
    221.00000000	      0.90261000	    -24.94284397
    222.00000000	      0.90671000	    -23.79760253
    223.00000000	      0.91081000	    -22.55680486
    224.00000000	      0.91491000	    -21.21874951
    225.00000000	      0.91901000	    -19.76848968
    226.00000000	      0.92311000	    -18.18924902
    227.00000000	      0.92721000	    -16.50344414
    228.00000000	      0.93131000	    -14.72888560
    229.00000000	      0.93541000	    -12.91868298
    230.00000000	      0.93951000	    -11.08805717
    231.00000000	      0.94361000	     -9.36254326
    232.00000000	      0.94771000	     -7.72778630
    233.00000000	      0.95181000	     -6.29613113
    234.00000000	      0.95591000	     -5.15325831
    235.00000000	      0.96001000	     -0.69213664
    236.00000000	      0.96411000	     -0.69959228
    237.00000000	      0.96821000	     -0.68410179
    238.00000000	      0.97231000	     -0.67134484
    239.00000000	      0.97641000	     -0.66228159
    240.00000000	      0.98051000	     -0.65734039
    241.00000000	      0.98461000	     -0.65687416
    242.00000000	      0.98871000	     -0.66027889
    243.00000000	      0.99281000	     -0.66644236
    244.00000000	      0.99691000	     -0.67385261
    245.00000000	      1.00101000	     -0.68070132
    246.00000000	      1.00511000	     -0.68504187
    247.00000000	      1.00921000	     -0.68499915
    248.00000000	      1.01331000	     -0.67895171
    249.00000000	      1.01741000	     -0.66566612
    250.00000000	      1.02151000	     -0.64441493
    251.00000000	      1.02561000	     -0.61506122
    252.00000000	      1.02971000	     -0.57807916
    253.00000000	      1.03381000	     -0.53599217
    254.00000000	      1.03791000	     -0.49083057
    255.00000000	      1.04201000	     -0.44241596
    256.00000000	      1.04611000	     -0.39293698
    257.00000000	      1.05021000	     -0.34465930
    258.00000000	      1.05431000	     -0.29971421
    259.00000000	      1.05841000	     -0.25994447
    260.00000000	      1.06251000	     -0.22685714
    261.00000000	      1.06661000	     -0.20163352
    262.00000000	      1.07071000	     -0.18503668
    263.00000000	      1.07481000	     -0.17732038
    264.00000000	      1.07891000	     -0.17824233
    265.00000000	      1.08301000	     -0.18445250
    266.00000000	      1.08711000	     -0.19007509
    267.00000000	      1.09121000	     -0.20368770
    268.00000000	      1.09531000	     -0.22403721
    269.00000000	      1.09941000	     -0.24976893
    270.00000000	      1.10351000	     -0.27948280
    271.00000000	      1.10761000	     -0.31178263
    272.00000000	      1.11171000	     -0.34531480
    273.00000000	      1.11581000	     -0.38230727
    274.00000000	      1.11991000	     -0.41755046
    275.00000000	      1.12401000	     -0.44908376
    276.00000000	      1.12811000	     -0.47617852
    277.00000000	      1.13221000	     -0.49822053
    278.00000000	      1.13631000	     -0.51472494
    279.00000000	      1.14041000	     -0.52532926
    280.00000000	      1.14451000	     -0.52973787
    281.00000000	      1.14861000	     -0.52764715
    282.00000000	      1.15271000	     -0.51869647
    283.00000000	      1.15681000	     -0.50247928
    284.00000000	      1.16091000	     -0.47861278
    285.00000000	      1.16501000	     -0.44682008
    286.00000000	      1.16911000	     -0.40698544
    287.00000000	      1.17321000	     -0.35918290
    288.00000000	      1.17731000	     -0.30369216
    289.00000000	      1.18141000	     -0.24101314
    290.00000000	      1.18551000	     -0.17188190
    291.00000000	      1.18961000	     -0.09727108
    292.00000000	      1.19371000	     -0.01835688
    293.00000000	      1.19781000	      0.06354494
    294.00000000	      1.20191000	      0.14705047
    295.00000000	      1.20601000	      0.23076169
    296.00000000	      1.21011000	      0.31330604
    297.00000000	      1.21421000	      0.39338821
    298.00000000	      1.21831000	      0.46986023
    299.00000000	      1.22241000	      0.54178684
    300.00000000	      1.22651000	      0.60848268
    301.00000000	      1.23061000	      0.66951801
    302.00000000	      1.23471000	      0.72471088
    303.00000000	      1.23881000	      0.77412443
    304.00000000	      1.24291000	      0.81806948
    305.00000000	      1.24701000	      0.85710127
    306.00000000	      1.25111000	      0.89199127
    307.00000000	      1.25521000	      0.92366187
    308.00000000	      1.25931000	      0.95311670
    309.00000000	      1.26341000	      0.98142101
    310.00000000	      1.26751000	      1.00974372
    311.00000000	      1.27161000	      1.03942731
    312.00000000	      1.27571000	      1.07203086
    313.00000000	      1.27981000	      1.10929904
    314.00000000	      1.28391000	      1.15307514
    315.00000000	      1.28801000	      1.20521643
    316.00000000	      1.29211000	      1.26751109
    317.00000000	      1.29621000	      1.34131143
    318.00000000	      1.30031000	      1.42796447
    319.00000000	      1.30441000	      1.52814983
    320.00000000	      1.30851000	      1.64184862
    321.00000000	      1.31261000	      1.76825045
    322.00000000	      1.31671000	      1.90587814
    323.00000000	      1.32081000	      2.05515367
    324.00000000	      1.32491000	      2.21019307
    325.00000000	      1.32901000	      2.36679307
    326.00000000	      1.33311000	      2.51992177
    327.00000000	      1.33721000	      2.66371282
    328.00000000	      1.34131000	      2.79153545
    329.00000000	      1.34541000	      2.89708611
    330.00000000	      1.34951000	      2.77726869
    331.00000000	      1.35361000	     -1.90932488
    332.00000000	      1.35771000	     -6.43209295
    333.00000000	      1.36181000	    -12.91958890
    334.00000000	      1.36591000	    -20.71279181
    335.00000000	      1.37001000	    -28.86230516
    336.00000000	      1.37411000	    -36.26853342
    337.00000000	      1.37821000	    -41.88007921
    338.00000000	      1.38231000	    -45.44540200
    339.00000000	      1.38641000	    -47.29453901
    340.00000000	      1.39051000	    -48.26186995
    341.00000000	      1.39461000	    -49.10805737
    342.00000000	      1.39871000	    -50.26341626
    343.00000000	      1.40281000	    -51.73121732
    344.00000000	      1.40691000	    -53.42047104
    345.00000000	      1.41101000	    -55.09002822
    346.00000000	      1.41511000	    -56.62775610
    347.00000000	      1.41921000	    -57.87663527
    348.00000000	      1.42331000	    -58.80366420
    349.00000000	      1.42741000	    -59.34965976
    350.00000000	      1.43151000	    -59.54582474
    351.00000000	      1.43561000	    -59.48336344
    352.00000000	      1.43971000	    -59.15220184
    353.00000000	      1.44381000	    -58.69262960
    354.00000000	      1.44791000	    -58.22412119
    355.00000000	      1.45201000	    -57.90462433
    356.00000000	      1.45611000	    -57.77824082
    357.00000000	      1.46021000	    -57.93166780
    358.00000000	      1.46431000	    -58.34594787
    359.00000000	      1.46841000	    -59.04251786
    360.00000000	      1.47251000	    -59.97137400
    361.00000000	      1.47661000	    -61.15296506
    362.00000000	      1.48071000	    -62.55791509
    363.00000000	      1.48481000	    -64.27380518
    364.00000000	      1.48891000	    -66.30924099
    365.00000000	      1.49301000	    -68.59049898
    366.00000000	      1.49711000	    -71.04842793
    367.00000000	      1.50121000	    -73.64062789
    368.00000000	      1.50531000	    -76.38868002
    369.00000000	      1.50941000	    -79.29228691
    370.00000000	      1.51351000	    -82.35891076
    371.00000000	      1.51761000	    -85.51300357
    372.00000000	      1.52171000	    -88.71826288
    373.00000000	      1.52581000	    -91.93510140
    374.00000000	      1.52991000	    -95.16179260
    375.00000000	      1.53401000	    -98.32162505
    376.00000000	      1.53811000	   -101.36157517
    377.00000000	      1.54221000	   -104.18471421
    378.00000000	      1.54631000	   -106.79510897
    379.00000000	      1.55041000	   -109.08466854
    380.00000000	      1.55451000	   -111.06943296
    381.00000000	      1.55861000	   -112.67352193
    382.00000000	      1.56271000	   -114.02655052
    383.00000000	      1.56681000	   -115.11448286
    384.00000000	      1.57091000	   -116.07409019
    385.00000000	      1.57501000	   -116.92069552
    386.00000000	      1.57911000	   -117.76944413
    387.00000000	      1.58321000	   -118.63718694
    388.00000000	      1.58731000	   -119.57061437
    389.00000000	      1.59141000	   -120.61438901
    390.00000000	      1.59551000	   -121.84429270
    391.00000000	      1.59961000	   -123.28275627
    392.00000000	      1.60371000	   -124.91575864
    393.00000000	      1.60781000	   -126.72287349
    394.00000000	      1.61191000	   -128.66038240
    395.00000000	      1.61601000	   -130.71074667
    396.00000000	      1.62011000	   -132.81138765
    397.00000000	      1.62421000	   -134.97414491
    398.00000000	      1.62831000	   -137.07890344
    399.00000000	      1.63241000	   -139.11092476
    400.00000000	      1.63651000	   -141.00307195
    401.00000000	      1.64061000	   -142.78828590
    402.00000000	      1.64471000	   -144.42417370
    403.00000000	      1.64881000	   -145.99009305
    404.00000000	      1.65291000	   -147.40690521
    405.00000000	      1.65701000	   -148.75873717
    406.00000000	      1.66111000	   -150.04835993
    407.00000000	      1.66521000	   -151.29870141
    408.00000000	      1.66931000	   -152.45188144
    409.00000000	      1.67341000	   -153.54575057
    410.00000000	      1.67751000	   -154.53259788
    411.00000000	      1.68161000	   -155.38781080
    412.00000000	      1.68571000	   -156.06675634
    413.00000000	      1.68981000	   -156.62779283
    414.00000000	      1.69391000	   -157.10426549
    415.00000000	      1.69801000	   -157.57337585
    416.00000000	      1.70211000	   -158.07442223
    417.00000000	      1.70621000	   -158.58022944
    418.00000000	      1.71031000	   -159.08582652
    419.00000000	      1.71441000	   -159.59419559
    420.00000000	      1.71851000	   -160.15833479
    421.00000000	      1.72261000	   -160.78328377
    422.00000000	      1.72671000	   -161.52724761
    423.00000000	      1.73081000	   -162.37740020
    424.00000000	      1.73491000	   -163.35213006
    425.00000000	      1.73901000	   -164.44514056
    426.00000000	      1.74311000	   -165.69743265
    427.00000000	      1.74721000	   -167.07645054
    428.00000000	      1.75131000	   -168.59232604
    429.00000000	      1.75541000	   -170.18846184
    430.00000000	      1.75951000	   -171.82212256
    431.00000000	      1.76361000	   -173.35195465
    432.00000000	      1.76771000	   -174.71131371
    433.00000000	      1.77181000	   -175.80364601
    434.00000000	      1.77591000	   -176.62719864
    435.00000000	      1.78001000	   -177.08308903
    436.00000000	      1.78411000	   -177.15398488
    437.00000000	      1.78821000	   -176.49110242
    438.00000000	      1.79231000	   -175.34908501
    439.00000000	      1.79641000	   -172.65230912
    440.00000000	      1.80051000	   -172.60635817
