UNKNOWN
version=1
nRows=441
nColumns=3
inDegrees=no
endheader
time	time	knee_angle_r_moment
      0.00000000	     -0.00349000	  -1420.27967493
      1.00000000	      0.00061000	  -1419.22507390
      2.00000000	      0.00471000	  -1418.15459118
      3.00000000	      0.00881000	  -1417.06856066
      4.00000000	      0.01291000	  -1416.75539135
      5.00000000	      0.01701000	  -1418.00211839
      6.00000000	      0.02111000	  -1420.67069240
      7.00000000	      0.02521000	  -1424.44068720
      8.00000000	      0.02931000	  -1428.81524002
      9.00000000	      0.03341000	  -1433.52638852
     10.00000000	      0.03751000	  -1438.40556212
     11.00000000	      0.04161000	  -1443.19539223
     12.00000000	      0.04571000	  -1447.74901438
     13.00000000	      0.04981000	  -1451.83346932
     14.00000000	      0.05391000	  -1455.34638830
     15.00000000	      0.05801000	  -1458.17876984
     16.00000000	      0.06211000	  -1460.39305203
     17.00000000	      0.06621000	  -1461.96773796
     18.00000000	      0.07031000	  -1462.98044911
     19.00000000	      0.07441000	  -1463.39354650
     20.00000000	      0.07851000	  -1463.16978693
     21.00000000	      0.08261000	  -1462.11538861
     22.00000000	      0.08671000	  -1460.24983827
     23.00000000	      0.09081000	  -1457.40578693
     24.00000000	      0.09491000	  -1453.56831148
     25.00000000	      0.09901000	  -1448.76241653
     26.00000000	      0.10311000	  -1443.22721951
     27.00000000	      0.10721000	  -1437.05749546
     28.00000000	      0.11131000	  -1430.52407023
     29.00000000	      0.11541000	  -1423.78916536
     30.00000000	      0.11951000	  -1417.01826472
     31.00000000	      0.12361000	  -1410.18836810
     32.00000000	      0.12771000	  -1403.35145736
     33.00000000	      0.13181000	  -1396.16228435
     34.00000000	      0.13591000	  -1388.70673405
     35.00000000	      0.14001000	  -1381.00006167
     36.00000000	      0.14411000	  -1372.83326188
     37.00000000	      0.14821000	  -1364.09530425
     38.00000000	      0.15231000	  -1354.58238897
     39.00000000	      0.15641000	  -1344.11377129
     40.00000000	      0.16051000	  -1332.33445613
     41.00000000	      0.16461000	  -1319.19495204
     42.00000000	      0.16871000	  -1304.57237383
     43.00000000	      0.17281000	  -1288.60700098
     44.00000000	      0.17691000	  -1271.33987507
     45.00000000	      0.18101000	  -1253.10822574
     46.00000000	      0.18511000	  -1233.82450808
     47.00000000	      0.18921000	  -1213.69271105
     48.00000000	      0.19331000	  -1192.58601581
     49.00000000	      0.19741000	  -1170.27386431
     50.00000000	      0.20151000	  -1146.42139040
     51.00000000	      0.20561000	  -1120.98990667
     52.00000000	      0.20971000	  -1093.87372292
     53.00000000	      0.21381000	  -1065.21322908
     54.00000000	      0.21791000	  -1035.14385899
     55.00000000	      0.22201000	  -1003.96424897
     56.00000000	      0.22611000	   -971.86234895
     57.00000000	      0.23021000	   -939.06138175
     58.00000000	      0.23431000	   -905.74780526
     59.00000000	      0.23841000	   -871.99746506
     60.00000000	      0.24251000	   -837.88063264
     61.00000000	      0.24661000	   -803.48796767
     62.00000000	      0.25071000	   -768.92367039
     63.00000000	      0.25481000	   -734.24930493
     64.00000000	      0.25891000	   -699.61864083
     65.00000000	      0.26301000	   -665.03383872
     66.00000000	      0.26711000	   -630.51724778
     67.00000000	      0.27121000	   -596.04595949
     68.00000000	      0.27531000	   -561.77392748
     69.00000000	      0.27941000	   -527.61570944
     70.00000000	      0.28351000	   -493.70916805
     71.00000000	      0.28761000	   -459.89764976
     72.00000000	      0.29171000	   -426.11423696
     73.00000000	      0.29581000	   -392.18535946
     74.00000000	      0.29991000	   -358.27845356
     75.00000000	      0.30401000	   -324.50076378
     76.00000000	      0.30811000	   -291.06235964
     77.00000000	      0.31221000	   -258.22830572
     78.00000000	      0.31631000	   -226.32930461
     79.00000000	      0.32041000	   -195.67275405
     80.00000000	      0.32451000	   -166.64440480
     81.00000000	      0.32861000	   -139.49853844
     82.00000000	      0.33271000	   -114.36338005
     83.00000000	      0.33681000	    -91.31549514
     84.00000000	      0.34091000	    -70.50851976
     85.00000000	      0.34501000	    -52.15763142
     86.00000000	      0.34911000	    -24.60457477
     87.00000000	      0.35321000	     -1.21077617
     88.00000000	      0.35731000	     -2.18093888
     89.00000000	      0.36141000	     -3.09021664
     90.00000000	      0.36551000	     -3.93767346
     91.00000000	      0.36961000	     -4.72004663
     92.00000000	      0.37371000	     -5.43459318
     93.00000000	      0.37781000	     -6.07922194
     94.00000000	      0.38191000	     -6.65261256
     95.00000000	      0.38601000	     -7.15428512
     96.00000000	      0.39011000	     -7.58464980
     97.00000000	      0.39421000	     -7.94508129
     98.00000000	      0.39831000	     -8.23800974
     99.00000000	      0.40241000	     -8.46698367
    100.00000000	      0.40651000	     -8.63667848
    101.00000000	      0.41061000	     -8.75286429
    102.00000000	      0.41471000	     -8.82236418
    103.00000000	      0.41881000	     -8.85300454
    104.00000000	      0.42291000	     -8.85352164
    105.00000000	      0.42701000	     -8.83341334
    106.00000000	      0.43111000	     -8.89607039
    107.00000000	      0.43521000	     -9.01287125
    108.00000000	      0.43931000	     -9.15721770
    109.00000000	      0.44341000	     -9.33937259
    110.00000000	      0.44751000	     -9.56926588
    111.00000000	      0.45161000	     -9.85620226
    112.00000000	      0.45571000	    -10.20856359
    113.00000000	      0.45981000	    -10.63767961
    114.00000000	      0.46391000	    -11.14914723
    115.00000000	      0.46801000	    -11.74146640
    116.00000000	      0.47211000	    -12.41685380
    117.00000000	      0.47621000	    -13.17561141
    118.00000000	      0.48031000	    -14.01599812
    119.00000000	      0.48441000	    -14.93414326
    120.00000000	      0.48851000	    -15.53786854
    121.00000000	      0.49261000	    -15.86545991
    122.00000000	      0.49671000	    -16.28092999
    123.00000000	      0.50081000	    -16.79422524
    124.00000000	      0.50491000	    -17.41473360
    125.00000000	      0.50901000	    -18.15082113
    126.00000000	      0.51311000	    -19.00924612
    127.00000000	      0.51721000	    -20.18443455
    128.00000000	      0.52131000	    -21.81980872
    129.00000000	      0.52541000	    -23.47352804
    130.00000000	      0.52951000	    -25.12330167
    131.00000000	      0.53361000	    -26.74583310
    132.00000000	      0.53771000	    -28.31730103
    133.00000000	      0.54181000	    -29.81385636
    134.00000000	      0.54591000	    -31.21210852
    135.00000000	      0.55001000	    -32.48959613
    136.00000000	      0.55411000	    -33.62525534
    137.00000000	      0.55821000	    -34.59988814
    138.00000000	      0.56231000	    -35.39660244
    139.00000000	      0.56641000	    -36.00118615
    140.00000000	      0.57051000	    -36.40240580
    141.00000000	      0.57461000	    -36.59224895
    142.00000000	      0.57871000	    -36.56611580
    143.00000000	      0.58281000	    -36.32293759
    144.00000000	      0.58691000	    -35.86519925
    145.00000000	      0.59101000	    -35.19886025
    146.00000000	      0.59511000	    -34.33318629
    147.00000000	      0.59921000	    -33.28052599
    148.00000000	      0.60331000	    -32.05605712
    149.00000000	      0.60741000	    -30.67748841
    150.00000000	      0.61151000	    -29.16470801
    151.00000000	      0.61561000	    -27.53939870
    152.00000000	      0.61971000	    -25.82462776
    153.00000000	      0.62381000	    -24.04439271
    154.00000000	      0.62791000	    -22.22310804
    155.00000000	      0.63201000	    -20.38504818
    156.00000000	      0.63611000	    -18.55380054
    157.00000000	      0.64021000	    -16.75177696
    158.00000000	      0.64431000	    -14.99977753
    159.00000000	      0.64841000	    -13.31660071
    160.00000000	      0.65251000	    -11.71873587
    161.00000000	      0.65661000	    -10.22015201
    162.00000000	      0.66071000	     -8.83215802
    163.00000000	      0.66481000	     -7.56332668
    164.00000000	      0.66891000	     -6.41949869
    165.00000000	      0.67301000	     -5.40387875
    166.00000000	      0.67711000	     -4.59513467
    167.00000000	      0.68121000	     -4.09456377
    168.00000000	      0.68531000	     -3.68392917
    169.00000000	      0.68941000	     -3.35011962
    170.00000000	      0.69351000	     -3.08228009
    171.00000000	      0.69761000	     -2.87186551
    172.00000000	      0.70171000	     -2.71246081
    173.00000000	      0.70581000	     -2.59941639
    174.00000000	      0.70991000	     -2.52935147
    175.00000000	      0.71401000	     -2.49962504
    176.00000000	      0.71811000	     -2.50787306
    177.00000000	      0.72221000	     -2.55163733
    178.00000000	      0.72631000	     -2.57224934
    179.00000000	      0.73041000	     -2.63459725
    180.00000000	      0.73451000	     -2.74265739
    181.00000000	      0.73861000	     -2.88697606
    182.00000000	      0.74271000	     -3.04565555
    183.00000000	      0.74681000	    185.44731398
    184.00000000	      0.75091000	    228.40604710
    185.00000000	      0.75501000	    285.18375150
    186.00000000	      0.75911000	    335.58988924
    187.00000000	      0.76321000	    372.46744218
    188.00000000	      0.76731000	    393.18112578
    189.00000000	      0.77141000	    398.01668369
    190.00000000	      0.77551000	    388.27787005
    191.00000000	      0.77961000	    364.52774294
    192.00000000	      0.78371000	    328.16777548
    193.00000000	      0.78781000	    281.71535877
    194.00000000	      0.79191000	    228.25338410
    195.00000000	      0.79601000	    169.89942659
    196.00000000	      0.80011000	    108.06299818
    197.00000000	      0.80421000	     43.33517063
    198.00000000	      0.80831000	    -23.83605385
    199.00000000	      0.81241000	    -92.95990216
    200.00000000	      0.81651000	   -163.17558564
    201.00000000	      0.82061000	   -233.17504867
    202.00000000	      0.82471000	   -301.75470969
    203.00000000	      0.82881000	   -367.60857080
    204.00000000	      0.83291000	   -429.64058024
    205.00000000	      0.83701000	   -486.68477216
    206.00000000	      0.84111000	   -537.83477044
    207.00000000	      0.84521000	   -582.32759980
    208.00000000	      0.84931000	   -619.60121065
    209.00000000	      0.85341000	   -649.36755700
    210.00000000	      0.85751000	   -671.50456666
    211.00000000	      0.86161000	   -686.25640753
    212.00000000	      0.86571000	   -694.13350504
    213.00000000	      0.86981000	   -695.99357023
    214.00000000	      0.87391000	   -692.67180219
    215.00000000	      0.87801000	   -685.09472492
    216.00000000	      0.88211000	   -674.03396929
    217.00000000	      0.88621000	   -660.26795202
    218.00000000	      0.89031000	   -644.45457155
    219.00000000	      0.89441000	   -627.36574132
    220.00000000	      0.89851000	   -609.49456121
    221.00000000	      0.90261000	   -591.44014018
    222.00000000	      0.90671000	   -573.62550059
    223.00000000	      0.91081000	   -556.42567505
    224.00000000	      0.91491000	   -540.06094984
    225.00000000	      0.91901000	   -524.74124018
    226.00000000	      0.92311000	   -510.60497106
    227.00000000	      0.92721000	   -497.72896658
    228.00000000	      0.93131000	   -486.15109551
    229.00000000	      0.93541000	   -475.80366047
    230.00000000	      0.93951000	   -466.61961315
    231.00000000	      0.94361000	   -458.57233106
    232.00000000	      0.94771000	   -451.68541621
    233.00000000	      0.95181000	   -445.90943406
    234.00000000	      0.95591000	   -441.23512322
    235.00000000	      0.96001000	   -437.67805154
    236.00000000	      0.96411000	   -435.22947967
    237.00000000	      0.96821000	   -433.79176439
    238.00000000	      0.97231000	   -433.16898555
    239.00000000	      0.97641000	   -433.06686014
    240.00000000	      0.98051000	   -433.19272379
    241.00000000	      0.98461000	   -433.36844983
    242.00000000	      0.98871000	   -433.44689325
    243.00000000	      0.99281000	   -433.31595291
    244.00000000	      0.99691000	   -432.93120099
    245.00000000	      1.00101000	   -432.23901763
    246.00000000	      1.00511000	   -431.23657744
    247.00000000	      1.00921000	   -429.93611377
    248.00000000	      1.01331000	   -428.43415313
    249.00000000	      1.01741000	   -426.76332440
    250.00000000	      1.02151000	   -425.05436627
    251.00000000	      1.02561000	   -423.41812818
    252.00000000	      1.02971000	   -421.86585253
    253.00000000	      1.03381000	   -420.38856260
    254.00000000	      1.03791000	   -419.02655868
    255.00000000	      1.04201000	   -417.76773011
    256.00000000	      1.04611000	   -416.53239776
    257.00000000	      1.05021000	   -415.26872357
    258.00000000	      1.05431000	   -413.89431165
    259.00000000	      1.05841000	   -412.32372602
    260.00000000	      1.06251000	   -410.47257805
    261.00000000	      1.06661000	   -408.36812725
    262.00000000	      1.07071000	   -405.92708459
    263.00000000	      1.07481000	   -403.17094086
    264.00000000	      1.07891000	   -400.10798414
    265.00000000	      1.08301000	   -396.79438114
    266.00000000	      1.08711000	   -393.21762107
    267.00000000	      1.09121000	   -389.43823460
    268.00000000	      1.09531000	   -385.44248920
    269.00000000	      1.09941000	   -381.26824905
    270.00000000	      1.10351000	   -376.92312084
    271.00000000	      1.10761000	   -372.50723313
    272.00000000	      1.11171000	   -368.02975345
    273.00000000	      1.11581000	   -363.56637027
    274.00000000	      1.11991000	   -359.16491655
    275.00000000	      1.12401000	   -354.86868930
    276.00000000	      1.12811000	   -350.64148828
    277.00000000	      1.13221000	   -346.50445121
    278.00000000	      1.13631000	   -342.44617534
    279.00000000	      1.14041000	   -338.43706091
    280.00000000	      1.14451000	   -334.48296163
    281.00000000	      1.14861000	   -330.53042057
    282.00000000	      1.15271000	   -326.59438294
    283.00000000	      1.15681000	   -322.68515812
    284.00000000	      1.16091000	   -318.87578607
    285.00000000	      1.16501000	   -315.08949905
    286.00000000	      1.16911000	   -311.38071630
    287.00000000	      1.17321000	   -307.74232396
    288.00000000	      1.17731000	   -304.19870014
    289.00000000	      1.18141000	   -300.78526622
    290.00000000	      1.18551000	   -297.55211523
    291.00000000	      1.18961000	   -294.43007358
    292.00000000	      1.19371000	   -291.43375089
    293.00000000	      1.19781000	   -288.54915216
    294.00000000	      1.20191000	   -285.77201708
    295.00000000	      1.20601000	   -283.05399318
    296.00000000	      1.21011000	   -280.38249285
    297.00000000	      1.21421000	   -277.71519568
    298.00000000	      1.21831000	   -275.09807731
    299.00000000	      1.22241000	   -272.54293093
    300.00000000	      1.22651000	   -270.07028250
    301.00000000	      1.23061000	   -267.67922781
    302.00000000	      1.23471000	   -265.35822718
    303.00000000	      1.23881000	   -263.13520703
    304.00000000	      1.24291000	   -260.92490373
    305.00000000	      1.24701000	   -258.70429741
    306.00000000	      1.25111000	   -256.44762767
    307.00000000	      1.25521000	   -254.13562569
    308.00000000	      1.25931000	   -251.72398207
    309.00000000	      1.26341000	   -249.19334520
    310.00000000	      1.26751000	   -246.52057335
    311.00000000	      1.27161000	   -243.69115040
    312.00000000	      1.27571000	   -240.70426563
    313.00000000	      1.27981000	   -237.56033454
    314.00000000	      1.28391000	   -234.21523176
    315.00000000	      1.28801000	   -230.71503358
    316.00000000	      1.29211000	   -227.07590129
    317.00000000	      1.29621000	   -223.33729503
    318.00000000	      1.30031000	   -219.50734541
    319.00000000	      1.30441000	   -215.63703801
    320.00000000	      1.30851000	   -211.73330449
    321.00000000	      1.31261000	   -207.84785511
    322.00000000	      1.31671000	   -204.04049879
    323.00000000	      1.32081000	   -200.34051041
    324.00000000	      1.32491000	   -196.74988502
    325.00000000	      1.32901000	   -193.26159442
    326.00000000	      1.33311000	   -189.84190023
    327.00000000	      1.33721000	   -186.41581856
    328.00000000	      1.34131000	   -182.98459869
    329.00000000	      1.34541000	   -179.53022096
    330.00000000	      1.34951000	   -176.06710805
    331.00000000	      1.35361000	   -172.58994570
    332.00000000	      1.35771000	   -169.14879076
    333.00000000	      1.36181000	   -165.70164404
    334.00000000	      1.36591000	   -162.25225494
    335.00000000	      1.37001000	   -158.78601698
    336.00000000	      1.37411000	   -155.29007417
    337.00000000	      1.37821000	   -151.78708670
    338.00000000	      1.38231000	   -148.27278140
    339.00000000	      1.38641000	   -144.69306560
    340.00000000	      1.39051000	   -141.08725613
    341.00000000	      1.39461000	   -137.39268816
    342.00000000	      1.39871000	   -133.65642271
    343.00000000	      1.40281000	   -129.80066328
    344.00000000	      1.40691000	   -125.87776459
    345.00000000	      1.41101000	   -121.89602509
    346.00000000	      1.41511000	   -117.86007145
    347.00000000	      1.41921000	   -113.78724278
    348.00000000	      1.42331000	   -109.70564594
    349.00000000	      1.42741000	   -105.57435189
    350.00000000	      1.43151000	   -101.43127020
    351.00000000	      1.43561000	    -97.23854866
    352.00000000	      1.43971000	    -92.96681137
    353.00000000	      1.44381000	    -88.54866385
    354.00000000	      1.44791000	    -83.98963652
    355.00000000	      1.45201000	    -79.25926268
    356.00000000	      1.45611000	    -74.31522740
    357.00000000	      1.46021000	    -69.22303641
    358.00000000	      1.46431000	    -63.94938214
    359.00000000	      1.46841000	    -58.53300900
    360.00000000	      1.47251000	    -52.99970408
    361.00000000	      1.47661000	    -47.41350977
    362.00000000	      1.48071000	    -41.83699541
    363.00000000	      1.48481000	    -36.41437274
    364.00000000	      1.48891000	    -31.28703501
    365.00000000	      1.49301000	    -26.59125865
    366.00000000	      1.49711000	    -22.36912997
    367.00000000	      1.50121000	    -18.76406265
    368.00000000	      1.50531000	    -19.13559504
    369.00000000	      1.50941000	    -14.02979828
    370.00000000	      1.51351000	    -13.65968508
    371.00000000	      1.51761000	    -13.23858798
    372.00000000	      1.52171000	    -12.80222728
    373.00000000	      1.52581000	    -12.34693608
    374.00000000	      1.52991000	    -11.86897247
    375.00000000	      1.53401000	    -11.36479938
    376.00000000	      1.53811000	    -10.83133445
    377.00000000	      1.54221000	    -10.26601390
    378.00000000	      1.54631000	     -9.66673102
    379.00000000	      1.55041000	     -9.03172324
    380.00000000	      1.55451000	     -8.35951419
    381.00000000	      1.55861000	     -7.64905897
    382.00000000	      1.56271000	     -6.90006676
    383.00000000	      1.56681000	     -6.11323145
    384.00000000	      1.57091000	     -5.29019239
    385.00000000	      1.57501000	     -4.43342798
    386.00000000	      1.57911000	     -3.54640134
    387.00000000	      1.58321000	     -2.63391083
    388.00000000	      1.58731000	     -1.70233582
    389.00000000	      1.59141000	     -0.75967194
    390.00000000	      1.59551000	      0.18453262
    391.00000000	      1.59961000	      1.11924953
    392.00000000	      1.60371000	      2.03205930
    393.00000000	      1.60781000	      2.90932359
    394.00000000	      1.61191000	      3.73641345
    395.00000000	      1.61601000	      4.49779449
    396.00000000	      1.62011000	      5.17683262
    397.00000000	      1.62421000	      5.75553099
    398.00000000	      1.62831000	      6.21459319
    399.00000000	      1.63241000	      6.53391932
    400.00000000	      1.63651000	      6.69331986
    401.00000000	      1.64061000	      6.67332442
    402.00000000	      1.64471000	      6.45617653
    403.00000000	      1.64881000	      6.02705778
    404.00000000	      1.65291000	      5.37534051
    405.00000000	      1.65701000	      4.49552827
    406.00000000	      1.66111000	      3.38777056
    407.00000000	      1.66521000	      2.05825119
    408.00000000	      1.66931000	      0.51934923
    409.00000000	      1.67341000	     -1.20884921
    410.00000000	      1.67751000	     -3.09673642
    411.00000000	      1.68161000	     -5.10759823
    412.00000000	      1.68571000	     -7.19759466
    413.00000000	      1.68981000	     -9.31647379
    414.00000000	      1.69391000	    -11.40795291
    415.00000000	      1.69801000	    -13.41001993
    416.00000000	      1.70211000	    -15.25593845
    417.00000000	      1.70621000	    -16.87577608
    418.00000000	      1.71031000	    -18.19836947
    419.00000000	      1.71441000	    -19.15355777
    420.00000000	      1.71851000	    -19.67477357
    421.00000000	      1.72261000	    -19.70197124
    422.00000000	      1.72671000	    -19.18456228
    423.00000000	      1.73081000	    -18.08430438
    424.00000000	      1.73491000	    -16.37846954
    425.00000000	      1.73901000	    -14.06373420
    426.00000000	      1.74311000	    -11.16047359
    427.00000000	      1.74721000	     -7.71759876
    428.00000000	      1.75131000	     -3.81647212
    429.00000000	      1.75541000	      0.42305167
    430.00000000	      1.75951000	      4.84080028
    431.00000000	      1.76361000	      9.22366250
    432.00000000	      1.76771000	     13.31864590
    433.00000000	      1.77181000	     16.79050988
    434.00000000	      1.77591000	     19.31369972
    435.00000000	      1.78001000	     20.36409696
    436.00000000	      1.78411000	     19.71399535
    437.00000000	      1.78821000	     16.33005559
    438.00000000	      1.79231000	     10.95626929
    439.00000000	      1.79641000	     -0.05237654
    440.00000000	      1.80051000	     -3.08613523
