UNKNOWN
version=1
nRows=441
nColumns=4
inDegrees=no
endheader
time	time	knee_angle_r_moment	knee_angle_l_moment
      0.00000000	     -0.00349000	  -1420.27967493	      4.89275051
      1.00000000	      0.00061000	  -1419.22507390	      4.04202257
      2.00000000	      0.00471000	  -1418.15459118	      3.19891973
      3.00000000	      0.00881000	  -1417.06856066	      2.37418652
      4.00000000	      0.01291000	  -1416.75539135	      1.57831033
      5.00000000	      0.01701000	  -1418.00211839	      0.82129097
      6.00000000	      0.02111000	  -1420.67069240	      0.11238484
      7.00000000	      0.02521000	  -1424.44068720	     -0.54015922
      8.00000000	      0.02931000	  -1428.81524002	     -1.12934571
      9.00000000	      0.03341000	  -1433.52638852	     -1.64963008
     10.00000000	      0.03751000	  -1438.40556212	     -2.09704701
     11.00000000	      0.04161000	  -1443.19539223	     -2.46927605
     12.00000000	      0.04571000	  -1447.74901438	     -2.76566620
     13.00000000	      0.04981000	  -1451.83346932	     -2.98721083
     14.00000000	      0.05391000	  -1455.34638830	     -3.13644437
     15.00000000	      0.05801000	  -1458.17876984	     -3.21727696
     16.00000000	      0.06211000	  -1460.39305203	     -3.23481874
     17.00000000	      0.06621000	  -1461.96773796	     -3.19521014
     18.00000000	      0.07031000	  -1462.98044911	     -3.10544225
     19.00000000	      0.07441000	  -1463.39354650	     -2.97316016
     20.00000000	      0.07851000	  -1463.16978693	     -2.80644857
     21.00000000	      0.08261000	  -1462.11538861	     -2.61360378
     22.00000000	      0.08671000	  -1460.24983827	     -2.40290629
     23.00000000	      0.09081000	  -1457.40578693	     -2.18237760
     24.00000000	      0.09491000	  -1453.56831148	     -1.95948351
     25.00000000	      0.09901000	  -1448.76241653	     -1.78753486
     26.00000000	      0.10311000	  -1443.22721951	     -1.62324099
     27.00000000	      0.10721000	  -1437.05749546	     -1.46864746
     28.00000000	      0.11131000	  -1430.52407023	     -1.32575627
     29.00000000	      0.11541000	  -1423.78916536	     -1.19610460
     30.00000000	      0.11951000	  -1417.01826472	     -1.08087135
     31.00000000	      0.12361000	  -1410.18836810	     -0.98093329
     32.00000000	      0.12771000	  -1403.35145736	     -0.89687000
     33.00000000	      0.13181000	  -1396.16228435	     -0.82895703
     34.00000000	      0.13591000	  -1388.70673405	     -0.77717213
     35.00000000	      0.14001000	  -1381.00006167	     -0.74120274
     36.00000000	      0.14411000	  -1372.83326188	     -0.72043987
     37.00000000	      0.14821000	  -1364.09530425	     -0.71396736
     38.00000000	      0.15231000	  -1354.58238897	     -0.72057482
     39.00000000	      0.15641000	  -1344.11377129	     -0.73692290
     40.00000000	      0.16051000	  -1332.33445613	     -0.75321309
     41.00000000	      0.16461000	  -1319.19495204	     -0.78127373
     42.00000000	      0.16871000	  -1304.57237383	     -0.81111227
     43.00000000	      0.17281000	  -1288.60700098	     -8.73525789
     44.00000000	      0.17691000	  -1271.33987507	    -41.44164405
     45.00000000	      0.18101000	  -1253.10822574	    -82.75953318
     46.00000000	      0.18511000	  -1233.82450808	   -140.44754676
     47.00000000	      0.18921000	  -1213.69271105	   -212.44122311
     48.00000000	      0.19331000	  -1192.58601581	   -294.17510310
     49.00000000	      0.19741000	  -1170.27386431	   -380.19634711
     50.00000000	      0.20151000	  -1146.42139040	   -466.35940937
     51.00000000	      0.20561000	  -1120.98990667	   -551.19001628
     52.00000000	      0.20971000	  -1093.87372292	   -634.62770199
     53.00000000	      0.21381000	  -1065.21322908	   -717.07192926
     54.00000000	      0.21791000	  -1035.14385899	   -797.65226098
     55.00000000	      0.22201000	  -1003.96424897	   -874.35904370
     56.00000000	      0.22611000	   -971.86234895	   -944.20256100
     57.00000000	      0.23021000	   -939.06138175	  -1004.63542068
     58.00000000	      0.23431000	   -905.74780526	  -1054.03099703
     59.00000000	      0.23841000	   -871.99746506	  -1091.96638851
     60.00000000	      0.24251000	   -837.88063264	  -1118.93993003
     61.00000000	      0.24661000	   -803.48796767	  -1136.00896283
     62.00000000	      0.25071000	   -768.92367039	  -1144.74442284
     63.00000000	      0.25481000	   -734.24930493	  -1146.79843934
     64.00000000	      0.25891000	   -699.61864083	  -1144.01245320
     65.00000000	      0.26301000	   -665.03383872	  -1137.99534257
     66.00000000	      0.26711000	   -630.51724778	  -1130.47338004
     67.00000000	      0.27121000	   -596.04595949	  -1122.88115242
     68.00000000	      0.27531000	   -561.77392748	  -1116.29313682
     69.00000000	      0.27941000	   -527.61570944	  -1110.87234042
     70.00000000	      0.28351000	   -493.70916805	  -1106.15199263
     71.00000000	      0.28761000	   -459.89764976	  -1101.32445382
     72.00000000	      0.29171000	   -426.11423696	  -1096.16788308
     73.00000000	      0.29581000	   -392.18535946	  -1090.75197637
     74.00000000	      0.29991000	   -358.27845356	  -1085.76368235
     75.00000000	      0.30401000	   -324.50076378	  -1082.00719000
     76.00000000	      0.30811000	   -291.06235964	  -1080.36768246
     77.00000000	      0.31221000	   -258.22830572	  -1081.28364205
     78.00000000	      0.31631000	   -226.32930461	  -1084.85118528
     79.00000000	      0.32041000	   -195.67275405	  -1090.72210303
     80.00000000	      0.32451000	   -166.64440480	  -1098.44787246
     81.00000000	      0.32861000	   -139.49853844	  -1107.57184128
     82.00000000	      0.33271000	   -114.36338005	  -1117.59220709
     83.00000000	      0.33681000	    -91.31549514	  -1128.24175504
     84.00000000	      0.34091000	    -70.50851976	  -1139.20878722
     85.00000000	      0.34501000	    -52.15763142	  -1150.36132358
     86.00000000	      0.34911000	    -24.60457477	  -1161.52620992
     87.00000000	      0.35321000	     -1.21077617	  -1172.70544381
     88.00000000	      0.35731000	     -2.18093888	  -1183.70448579
     89.00000000	      0.36141000	     -3.09021664	  -1194.54005601
     90.00000000	      0.36551000	     -3.93767346	  -1205.12994066
     91.00000000	      0.36961000	     -4.72004663	  -1215.43973195
     92.00000000	      0.37371000	     -5.43459318	  -1225.23822726
     93.00000000	      0.37781000	     -6.07922194	  -1234.37780845
     94.00000000	      0.38191000	     -6.65261256	  -1242.43861159
     95.00000000	      0.38601000	     -7.15428512	  -1248.95405472
     96.00000000	      0.39011000	     -7.58464980	  -1253.31386721
     97.00000000	      0.39421000	     -7.94508129	  -1255.06740604
     98.00000000	      0.39831000	     -8.23800974	  -1253.92901984
     99.00000000	      0.40241000	     -8.46698367	  -1249.95773382
    100.00000000	      0.40651000	     -8.63667848	  -1243.41703379
    101.00000000	      0.41061000	     -8.75286429	  -1234.80636858
    102.00000000	      0.41471000	     -8.82236418	  -1224.82957891
    103.00000000	      0.41881000	     -8.85300454	  -1214.11185558
    104.00000000	      0.42291000	     -8.85352164	  -1203.41587445
    105.00000000	      0.42701000	     -8.83341334	  -1193.24227472
    106.00000000	      0.43111000	     -8.89607039	  -1184.05014698
    107.00000000	      0.43521000	     -9.01287125	  -1175.88434460
    108.00000000	      0.43931000	     -9.15721770	  -1168.76760650
    109.00000000	      0.44341000	     -9.33937259	  -1162.43073103
    110.00000000	      0.44751000	     -9.56926588	  -1156.83922635
    111.00000000	      0.45161000	     -9.85620226	  -1151.62598561
    112.00000000	      0.45571000	    -10.20856359	  -1146.62233621
    113.00000000	      0.45981000	    -10.63767961	  -1141.43537749
    114.00000000	      0.46391000	    -11.14914723	  -1135.92057950
    115.00000000	      0.46801000	    -11.74146640	  -1129.79889966
    116.00000000	      0.47211000	    -12.41685380	  -1123.04759657
    117.00000000	      0.47621000	    -13.17561141	  -1115.55597910
    118.00000000	      0.48031000	    -14.01599812	  -1107.43809151
    119.00000000	      0.48441000	    -14.93414326	  -1098.69948390
    120.00000000	      0.48851000	    -15.53786854	  -1089.46822089
    121.00000000	      0.49261000	    -15.86545991	  -1079.87357130
    122.00000000	      0.49671000	    -16.28092999	  -1070.10549956
    123.00000000	      0.50081000	    -16.79422524	  -1060.19581708
    124.00000000	      0.50491000	    -17.41473360	  -1050.18949900
    125.00000000	      0.50901000	    -18.15082113	  -1040.12907667
    126.00000000	      0.51311000	    -19.00924612	  -1029.99820459
    127.00000000	      0.51721000	    -20.18443455	  -1019.87641661
    128.00000000	      0.52131000	    -21.81980872	  -1009.83187973
    129.00000000	      0.52541000	    -23.47352804	   -999.93585068
    130.00000000	      0.52951000	    -25.12330167	   -990.18539423
    131.00000000	      0.53361000	    -26.74583310	   -980.66959398
    132.00000000	      0.53771000	    -28.31730103	   -971.48978324
    133.00000000	      0.54181000	    -29.81385636	   -962.89107997
    134.00000000	      0.54591000	    -31.21210852	   -954.98431938
    135.00000000	      0.55001000	    -32.48959613	   -947.94194247
    136.00000000	      0.55411000	    -33.62525534	   -941.76695804
    137.00000000	      0.55821000	    -34.59988814	   -936.56936086
    138.00000000	      0.56231000	    -35.39660244	   -932.30090780
    139.00000000	      0.56641000	    -36.00118615	   -929.01572539
    140.00000000	      0.57051000	    -36.40240580	   -926.55370128
    141.00000000	      0.57461000	    -36.59224895	   -924.84272835
    142.00000000	      0.57871000	    -36.56611580	   -923.71382618
    143.00000000	      0.58281000	    -36.32293759	   -923.13406270
    144.00000000	      0.58691000	    -35.86519925	   -923.04865139
    145.00000000	      0.59101000	    -35.19886025	   -923.51489659
    146.00000000	      0.59511000	    -34.33318629	   -924.46237591
    147.00000000	      0.59921000	    -33.28052599	   -925.87326299
    148.00000000	      0.60331000	    -32.05605712	   -927.67373987
    149.00000000	      0.60741000	    -30.67748841	   -929.83713099
    150.00000000	      0.61151000	    -29.16470801	   -932.32642278
    151.00000000	      0.61561000	    -27.53939870	   -935.08154406
    152.00000000	      0.61971000	    -25.82462776	   -938.01176312
    153.00000000	      0.62381000	    -24.04439271	   -940.98682261
    154.00000000	      0.62791000	    -22.22310804	   -943.92437275
    155.00000000	      0.63201000	    -20.38504818	   -946.62498952
    156.00000000	      0.63611000	    -18.55380054	   -949.03795085
    157.00000000	      0.64021000	    -16.75177696	   -951.01085300
    158.00000000	      0.64431000	    -14.99977753	   -952.48408661
    159.00000000	      0.64841000	    -13.31660071	   -953.27040196
    160.00000000	      0.65251000	    -11.71873587	   -953.37637236
    161.00000000	      0.65661000	    -10.22015201	   -952.72994932
    162.00000000	      0.66071000	     -8.83215802	   -951.38027917
    163.00000000	      0.66481000	     -7.56332668	   -949.18322777
    164.00000000	      0.66891000	     -6.41949869	   -946.14052603
    165.00000000	      0.67301000	     -5.40387875	   -942.16576856
    166.00000000	      0.67711000	     -4.59513467	   -937.34557617
    167.00000000	      0.68121000	     -4.09456377	   -931.60563005
    168.00000000	      0.68531000	     -3.68392917	   -925.02770287
    169.00000000	      0.68941000	     -3.35011962	   -917.63010326
    170.00000000	      0.69351000	     -3.08228009	   -909.44778788
    171.00000000	      0.69761000	     -2.87186551	   -900.45181925
    172.00000000	      0.70171000	     -2.71246081	   -890.64627681
    173.00000000	      0.70581000	     -2.59941639	   -880.06150551
    174.00000000	      0.70991000	     -2.52935147	   -868.74982284
    175.00000000	      0.71401000	     -2.49962504	   -856.78324202
    176.00000000	      0.71811000	     -2.50787306	   -844.24539723
    177.00000000	      0.72221000	     -2.55163733	   -831.27334518
    178.00000000	      0.72631000	     -2.57224934	   -817.88350634
    179.00000000	      0.73041000	     -2.63459725	   -804.23496227
    180.00000000	      0.73451000	     -2.74265739	   -790.41130010
    181.00000000	      0.73861000	     -2.88697606	   -776.59126250
    182.00000000	      0.74271000	     -3.04565555	   -762.78987334
    183.00000000	      0.74681000	    185.44731398	   -749.10144837
    184.00000000	      0.75091000	    228.40604710	   -735.47376091
    185.00000000	      0.75501000	    285.18375150	   -722.06111839
    186.00000000	      0.75911000	    335.58988924	   -708.78137762
    187.00000000	      0.76321000	    372.46744218	   -695.59560226
    188.00000000	      0.76731000	    393.18112578	   -682.31533532
    189.00000000	      0.77141000	    398.01668369	   -668.86705803
    190.00000000	      0.77551000	    388.27787005	   -655.13192034
    191.00000000	      0.77961000	    364.52774294	   -641.13245588
    192.00000000	      0.78371000	    328.16777548	   -626.76888884
    193.00000000	      0.78781000	    281.71535877	   -612.05798701
    194.00000000	      0.79191000	    228.25338410	   -596.93368731
    195.00000000	      0.79601000	    169.89942659	   -581.45144041
    196.00000000	      0.80011000	    108.06299818	   -565.64869276
    197.00000000	      0.80421000	     43.33517063	   -549.55263256
    198.00000000	      0.80831000	    -23.83605385	   -533.11674754
    199.00000000	      0.81241000	    -92.95990216	   -516.31271808
    200.00000000	      0.81651000	   -163.17558564	   -499.02732045
    201.00000000	      0.82061000	   -233.17504867	   -481.17739962
    202.00000000	      0.82471000	   -301.75470969	   -462.74256921
    203.00000000	      0.82881000	   -367.60857080	   -443.75382107
    204.00000000	      0.83291000	   -429.64058024	   -424.28060617
    205.00000000	      0.83701000	   -486.68477216	   -404.37614010
    206.00000000	      0.84111000	   -537.83477044	   -384.15292432
    207.00000000	      0.84521000	   -582.32759980	   -363.70242473
    208.00000000	      0.84931000	   -619.60121065	   -343.21846008
    209.00000000	      0.85341000	   -649.36755700	   -322.76974142
    210.00000000	      0.85751000	   -671.50456666	   -302.47656473
    211.00000000	      0.86161000	   -686.25640753	   -282.36165015
    212.00000000	      0.86571000	   -694.13350504	   -262.55998040
    213.00000000	      0.86981000	   -695.99357023	   -243.14743789
    214.00000000	      0.87391000	   -692.67180219	   -224.25265329
    215.00000000	      0.87801000	   -685.09472492	   -205.97040000
    216.00000000	      0.88211000	   -674.03396929	   -188.39611758
    217.00000000	      0.88621000	   -660.26795202	   -171.60117276
    218.00000000	      0.89031000	   -644.45457155	   -155.69243129
    219.00000000	      0.89441000	   -627.36574132	   -140.71450471
    220.00000000	      0.89851000	   -609.49456121	   -126.71743713
    221.00000000	      0.90261000	   -591.44014018	   -113.69841375
    222.00000000	      0.90671000	   -573.62550059	   -101.67324985
    223.00000000	      0.91081000	   -556.42567505	    -90.55188293
    224.00000000	      0.91491000	   -540.06094984	    -80.28363262
    225.00000000	      0.91901000	   -524.74124018	    -70.79572944
    226.00000000	      0.92311000	   -510.60497106	    -62.01285585
    227.00000000	      0.92721000	   -497.72896658	    -53.89012435
    228.00000000	      0.93131000	   -486.15109551	    -46.36118079
    229.00000000	      0.93541000	   -475.80366047	    -39.41203963
    230.00000000	      0.93951000	   -466.61961315	    -32.92597674
    231.00000000	      0.94361000	   -458.57233106	    -26.97968436
    232.00000000	      0.94771000	   -451.68541621	    -21.54224360
    233.00000000	      0.95181000	   -445.90943406	    -16.73421867
    234.00000000	      0.95591000	   -441.23512322	    -12.22294051
    235.00000000	      0.96001000	   -437.67805154	     -0.93006744
    236.00000000	      0.96411000	   -435.22947967	     -1.08481815
    237.00000000	      0.96821000	   -433.79176439	     -1.28472499
    238.00000000	      0.97231000	   -433.16898555	     -1.48863385
    239.00000000	      0.97641000	   -433.06686014	     -1.69259444
    240.00000000	      0.98051000	   -433.19272379	     -1.89051351
    241.00000000	      0.98461000	   -433.36844983	     -2.08852301
    242.00000000	      0.98871000	   -433.44689325	     -2.28603140
    243.00000000	      0.99281000	   -433.31595291	     -2.48244161
    244.00000000	      0.99691000	   -432.93120099	     -2.67719062
    245.00000000	      1.00101000	   -432.23901763	     -2.86977111
    246.00000000	      1.00511000	   -431.23657744	     -3.05981478
    247.00000000	      1.00921000	   -429.93611377	     -3.24723752
    248.00000000	      1.01331000	   -428.43415313	     -3.43236916
    249.00000000	      1.01741000	   -426.76332440	     -3.61606130
    250.00000000	      1.02151000	   -425.05436627	     -3.79980299
    251.00000000	      1.02561000	   -423.41812818	     -3.98580070
    252.00000000	      1.02971000	   -421.86585253	     -4.17697700
    253.00000000	      1.03381000	   -420.38856260	     -4.42137316
    254.00000000	      1.03791000	   -419.02655868	     -4.74828409
    255.00000000	      1.04201000	   -417.76773011	     -5.10092784
    256.00000000	      1.04611000	   -416.53239776	     -5.48117855
    257.00000000	      1.05021000	   -415.26872357	     -5.89054874
    258.00000000	      1.05431000	   -413.89431165	     -6.33000076
    259.00000000	      1.05841000	   -412.32372602	     -6.80246867
    260.00000000	      1.06251000	   -410.47257805	     -7.30712086
    261.00000000	      1.06661000	   -408.36812725	     -7.83886892
    262.00000000	      1.07071000	   -405.92708459	     -8.39589114
    263.00000000	      1.07481000	   -403.17094086	     -8.97559780
    264.00000000	      1.07891000	   -400.10798414	     -9.57456640
    265.00000000	      1.08301000	   -396.79438114	    -10.10471724
    266.00000000	      1.08711000	   -393.21762107	    -10.40037939
    267.00000000	      1.09121000	   -389.43823460	    -10.75764473
    268.00000000	      1.09531000	   -385.44248920	    -11.17715805
    269.00000000	      1.09941000	   -381.26824905	    -11.65606906
    270.00000000	      1.10351000	   -376.92312084	    -12.18768734
    271.00000000	      1.10761000	   -372.50723313	    -12.76133271
    272.00000000	      1.11171000	   -368.02975345	    -13.36238512
    273.00000000	      1.11581000	   -363.56637027	    -14.08383592
    274.00000000	      1.11991000	   -359.16491655	    -14.77528513
    275.00000000	      1.12401000	   -354.86868930	    -15.38175201
    276.00000000	      1.12811000	   -350.64148828	    -15.88315267
    277.00000000	      1.13221000	   -346.50445121	    -16.25969375
    278.00000000	      1.13631000	   -342.44617534	    -16.49235096
    279.00000000	      1.14041000	   -338.43706091	    -16.56331209
    280.00000000	      1.14451000	   -334.48296163	    -16.45638636
    281.00000000	      1.14861000	   -330.53042057	    -16.15743054
    282.00000000	      1.15271000	   -326.59438294	    -15.65481705
    283.00000000	      1.15681000	   -322.68515812	    -14.93993980
    284.00000000	      1.16091000	   -318.87578607	    -14.00773249
    285.00000000	      1.16501000	   -315.08949905	    -12.85714753
    286.00000000	      1.16911000	   -311.38071630	    -11.49155129
    287.00000000	      1.17321000	   -307.74232396	     -9.91903206
    288.00000000	      1.17731000	   -304.19870014	     -8.15261361
    289.00000000	      1.18141000	   -300.78526622	     -6.21033074
    290.00000000	      1.18551000	   -297.55211523	     -4.11511862
    291.00000000	      1.18961000	   -294.43007358	     -1.89448474
    292.00000000	      1.19371000	   -291.43375089	      0.42006682
    293.00000000	      1.19781000	   -288.54915216	      2.79389866
    294.00000000	      1.20191000	   -285.77201708	      5.19042667
    295.00000000	      1.20601000	   -283.05399318	      7.57259602
    296.00000000	      1.21011000	   -280.38249285	      9.90447307
    297.00000000	      1.21421000	   -277.71519568	     12.15269793
    298.00000000	      1.21831000	   -275.09807731	     14.28761935
    299.00000000	      1.22241000	   -272.54293093	     16.28407348
    300.00000000	      1.22651000	   -270.07028250	     18.12183988
    301.00000000	      1.23061000	   -267.67922781	     19.78581554
    302.00000000	      1.23471000	   -265.35822718	     21.26594361
    303.00000000	      1.23881000	   -263.13520703	     22.55694034
    304.00000000	      1.24291000	   -260.92490373	     23.65788195
    305.00000000	      1.24701000	   -258.70429741	     24.57171146
    306.00000000	      1.25111000	   -256.44762767	     25.30467803
    307.00000000	      1.25521000	   -254.13562569	     25.86569273
    308.00000000	      1.25931000	   -251.72398207	     26.26563150
    309.00000000	      1.26341000	   -249.19334520	     26.51666438
    310.00000000	      1.26751000	   -246.52057335	     26.63168106
    311.00000000	      1.27161000	   -243.69115040	     26.62385192
    312.00000000	      1.27571000	   -240.70426563	     26.50631099
    313.00000000	      1.27981000	   -237.56033454	     26.29187523
    314.00000000	      1.28391000	   -234.21523176	     25.99274486
    315.00000000	      1.28801000	   -230.71503358	     25.62065980
    316.00000000	      1.29211000	   -227.07590129	     25.18607264
    317.00000000	      1.29621000	   -223.33729503	     24.69214467
    318.00000000	      1.30031000	   -219.50734541	     24.15136019
    319.00000000	      1.30441000	   -215.63703801	     23.57204645
    320.00000000	      1.30851000	   -211.73330449	     22.96134984
    321.00000000	      1.31261000	   -207.84785511	     22.32580610
    322.00000000	      1.31671000	   -204.04049879	     21.67604581
    323.00000000	      1.32081000	   -200.34051041	     21.08842922
    324.00000000	      1.32491000	   -196.74988502	     20.50197968
    325.00000000	      1.32901000	   -193.26159442	     19.91848539
    326.00000000	      1.33311000	   -189.84190023	     19.33909091
    327.00000000	      1.33721000	   -186.41581856	     18.76429231
    328.00000000	      1.34131000	   -182.98459869	     18.19085558
    329.00000000	      1.34541000	   -179.53022096	     17.61755418
    330.00000000	      1.34951000	   -176.06710805	     18.33127008
    331.00000000	      1.35361000	   -172.58994570	     33.36790795
    332.00000000	      1.35771000	   -169.14879076	     35.26809690
    333.00000000	      1.36181000	   -165.70164404	     36.35919871
    334.00000000	      1.36591000	   -162.25225494	     36.96932964
    335.00000000	      1.37001000	   -158.78601698	     37.45145973
    336.00000000	      1.37411000	   -155.29007417	     38.25219704
    337.00000000	      1.37821000	   -151.78708670	     40.03276214
    338.00000000	      1.38231000	   -148.27278140	     42.93309828
    339.00000000	      1.38641000	   -144.69306560	     46.68976877
    340.00000000	      1.39051000	   -141.08725613	     50.67787109
    341.00000000	      1.39461000	   -137.39268816	     54.25239422
    342.00000000	      1.39871000	   -133.65642271	     57.08469429
    343.00000000	      1.40281000	   -129.80066328	     59.19171138
    344.00000000	      1.40691000	   -125.87776459	     60.78440816
    345.00000000	      1.41101000	   -121.89602509	     62.16393381
    346.00000000	      1.41511000	   -117.86007145	     63.54199511
    347.00000000	      1.41921000	   -113.78724278	     65.10700822
    348.00000000	      1.42331000	   -109.70564594	     66.98995263
    349.00000000	      1.42741000	   -105.57435189	     69.34126856
    350.00000000	      1.43151000	   -101.43127020	     72.23525053
    351.00000000	      1.43561000	    -97.23854866	     75.68888552
    352.00000000	      1.43971000	    -92.96681137	     79.73809437
    353.00000000	      1.44381000	    -88.54866385	     84.33947492
    354.00000000	      1.44791000	    -83.98963652	     89.49962159
    355.00000000	      1.45201000	    -79.25926268	     95.19610137
    356.00000000	      1.45611000	    -74.31522740	    101.41827240
    357.00000000	      1.46021000	    -69.22303641	    108.13343394
    358.00000000	      1.46431000	    -63.94938214	    115.32407008
    359.00000000	      1.46841000	    -58.53300900	    122.96809634
    360.00000000	      1.47251000	    -52.99970408	    131.05135072
    361.00000000	      1.47661000	    -47.41350977	    139.49168198
    362.00000000	      1.48071000	    -41.83699541	    148.26073009
    363.00000000	      1.48481000	    -36.41437274	    157.25224413
    364.00000000	      1.48891000	    -31.28703501	    166.43215380
    365.00000000	      1.49301000	    -26.59125865	    175.80966992
    366.00000000	      1.49711000	    -22.36912997	    185.41893276
    367.00000000	      1.50121000	    -18.76406265	    195.25168364
    368.00000000	      1.50531000	    -19.13559504	    205.29899772
    369.00000000	      1.50941000	    -14.02979828	    215.52013440
    370.00000000	      1.51351000	    -13.65968508	    225.88245413
    371.00000000	      1.51761000	    -13.23858798	    236.42755917
    372.00000000	      1.52171000	    -12.80222728	    247.14921050
    373.00000000	      1.52581000	    -12.34693608	    257.98430304
    374.00000000	      1.52991000	    -11.86897247	    268.88681280
    375.00000000	      1.53401000	    -11.36479938	    279.79914851
    376.00000000	      1.53811000	    -10.83133445	    290.65122324
    377.00000000	      1.54221000	    -10.26601390	    301.34483420
    378.00000000	      1.54631000	     -9.66673102	    311.74435693
    379.00000000	      1.55041000	     -9.03172324	    321.73441178
    380.00000000	      1.55451000	     -8.35951419	    331.20046762
    381.00000000	      1.55861000	     -7.64905897	    340.10616975
    382.00000000	      1.56271000	     -6.90006676	    348.37393771
    383.00000000	      1.56681000	     -6.11323145	    356.06935163
    384.00000000	      1.57091000	     -5.29019239	    363.26671364
    385.00000000	      1.57501000	     -4.43342798	    370.14552314
    386.00000000	      1.57911000	     -3.54640134	    376.83025176
    387.00000000	      1.58321000	     -2.63391083	    383.49439540
    388.00000000	      1.58731000	     -1.70233582	    390.26432631
    389.00000000	      1.59141000	     -0.75967194	    397.26783832
    390.00000000	      1.59551000	      0.18453262	    404.57016899
    391.00000000	      1.59961000	      1.11924953	    412.30226498
    392.00000000	      1.60371000	      2.03205930	    420.48223453
    393.00000000	      1.60781000	      2.90932359	    429.09978433
    394.00000000	      1.61191000	      3.73641345	    438.13293241
    395.00000000	      1.61601000	      4.49779449	    447.56542779
    396.00000000	      1.62011000	      5.17683262	    457.36650765
    397.00000000	      1.62421000	      5.75553099	    467.51754767
    398.00000000	      1.62831000	      6.21459319	    477.93304236
    399.00000000	      1.63241000	      6.53391932	    488.55062853
    400.00000000	      1.63651000	      6.69331986	    499.34258842
    401.00000000	      1.64061000	      6.67332442	    510.20755867
    402.00000000	      1.64471000	      6.45617653	    521.06518077
    403.00000000	      1.64881000	      6.02705778	    531.89371923
    404.00000000	      1.65291000	      5.37534051	    542.72512642
    405.00000000	      1.65701000	      4.49552827	    553.46721069
    406.00000000	      1.66111000	      3.38777056	    564.07722593
    407.00000000	      1.66521000	      2.05825119	    574.47085860
    408.00000000	      1.66931000	      0.51934923	    584.54475247
    409.00000000	      1.67341000	     -1.20884921	    594.19234209
    410.00000000	      1.67751000	     -3.09673642	    603.31851208
    411.00000000	      1.68161000	     -5.10759823	    611.86373704
    412.00000000	      1.68571000	     -7.19759466	    619.82452351
    413.00000000	      1.68981000	     -9.31647379	    627.20353871
    414.00000000	      1.69391000	    -11.40795291	    634.05538970
    415.00000000	      1.69801000	    -13.41001993	    640.29037182
    416.00000000	      1.70211000	    -15.25593845	    645.80609195
    417.00000000	      1.70621000	    -16.87577608	    650.55183613
    418.00000000	      1.71031000	    -18.19836947	    654.54452735
    419.00000000	      1.71441000	    -19.15355777	    657.80871193
    420.00000000	      1.71851000	    -19.67477357	    660.33163842
    421.00000000	      1.72261000	    -19.70197124	    662.11755786
    422.00000000	      1.72671000	    -19.18456228	    663.14871550
    423.00000000	      1.73081000	    -18.08430438	    663.41586591
    424.00000000	      1.73491000	    -16.37846954	    662.91997811
    425.00000000	      1.73901000	    -14.06373420	    661.66687594
    426.00000000	      1.74311000	    -11.16047359	    659.75413792
    427.00000000	      1.74721000	     -7.71759876	    657.32489349
    428.00000000	      1.75131000	     -3.81647212	    654.53792752
    429.00000000	      1.75541000	      0.42305167	    651.67474844
    430.00000000	      1.75951000	      4.84080028	    649.00030947
    431.00000000	      1.76361000	      9.22366250	    646.77828858
    432.00000000	      1.76771000	     13.31864590	    645.28420771
    433.00000000	      1.77181000	     16.79050988	    644.91348728
    434.00000000	      1.77591000	     19.31369972	    645.98395172
    435.00000000	      1.78001000	     20.36409696	    649.08285671
    436.00000000	      1.78411000	     19.71399535	    654.34345635
    437.00000000	      1.78821000	     16.33005559	    662.89965821
    438.00000000	      1.79231000	     10.95626929	    673.62284938
    439.00000000	      1.79641000	     -0.05237654	    690.71097301
    440.00000000	      1.80051000	     -3.08613523	    697.35838590
