UNKNOWN
version=1
nRows=441
nColumns=3
inDegrees=no
endheader
time	time	knee_angle_l_moment
      0.00000000	     -0.00349000	      4.89275051
      1.00000000	      0.00061000	      4.04202257
      2.00000000	      0.00471000	      3.19891973
      3.00000000	      0.00881000	      2.37418652
      4.00000000	      0.01291000	      1.57831033
      5.00000000	      0.01701000	      0.82129097
      6.00000000	      0.02111000	      0.11238484
      7.00000000	      0.02521000	     -0.54015922
      8.00000000	      0.02931000	     -1.12934571
      9.00000000	      0.03341000	     -1.64963008
     10.00000000	      0.03751000	     -2.09704701
     11.00000000	      0.04161000	     -2.46927605
     12.00000000	      0.04571000	     -2.76566620
     13.00000000	      0.04981000	     -2.98721083
     14.00000000	      0.05391000	     -3.13644437
     15.00000000	      0.05801000	     -3.21727696
     16.00000000	      0.06211000	     -3.23481874
     17.00000000	      0.06621000	     -3.19521014
     18.00000000	      0.07031000	     -3.10544225
     19.00000000	      0.07441000	     -2.97316016
     20.00000000	      0.07851000	     -2.80644857
     21.00000000	      0.08261000	     -2.61360378
     22.00000000	      0.08671000	     -2.40290629
     23.00000000	      0.09081000	     -2.18237760
     24.00000000	      0.09491000	     -1.95948351
     25.00000000	      0.09901000	     -1.78753486
     26.00000000	      0.10311000	     -1.62324099
     27.00000000	      0.10721000	     -1.46864746
     28.00000000	      0.11131000	     -1.32575627
     29.00000000	      0.11541000	     -1.19610460
     30.00000000	      0.11951000	     -1.08087135
     31.00000000	      0.12361000	     -0.98093329
     32.00000000	      0.12771000	     -0.89687000
     33.00000000	      0.13181000	     -0.82895703
     34.00000000	      0.13591000	     -0.77717213
     35.00000000	      0.14001000	     -0.74120274
     36.00000000	      0.14411000	     -0.72043987
     37.00000000	      0.14821000	     -0.71396736
     38.00000000	      0.15231000	     -0.72057482
     39.00000000	      0.15641000	     -0.73692290
     40.00000000	      0.16051000	     -0.75321309
     41.00000000	      0.16461000	     -0.78127373
     42.00000000	      0.16871000	     -0.81111227
     43.00000000	      0.17281000	     -8.73525789
     44.00000000	      0.17691000	    -41.44164405
     45.00000000	      0.18101000	    -82.75953318
     46.00000000	      0.18511000	   -140.44754676
     47.00000000	      0.18921000	   -212.44122311
     48.00000000	      0.19331000	   -294.17510310
     49.00000000	      0.19741000	   -380.19634711
     50.00000000	      0.20151000	   -466.35940937
     51.00000000	      0.20561000	   -551.19001628
     52.00000000	      0.20971000	   -634.62770199
     53.00000000	      0.21381000	   -717.07192926
     54.00000000	      0.21791000	   -797.65226098
     55.00000000	      0.22201000	   -874.35904370
     56.00000000	      0.22611000	   -944.20256100
     57.00000000	      0.23021000	  -1004.63542068
     58.00000000	      0.23431000	  -1054.03099703
     59.00000000	      0.23841000	  -1091.96638851
     60.00000000	      0.24251000	  -1118.93993003
     61.00000000	      0.24661000	  -1136.00896283
     62.00000000	      0.25071000	  -1144.74442284
     63.00000000	      0.25481000	  -1146.79843934
     64.00000000	      0.25891000	  -1144.01245320
     65.00000000	      0.26301000	  -1137.99534257
     66.00000000	      0.26711000	  -1130.47338004
     67.00000000	      0.27121000	  -1122.88115242
     68.00000000	      0.27531000	  -1116.29313682
     69.00000000	      0.27941000	  -1110.87234042
     70.00000000	      0.28351000	  -1106.15199263
     71.00000000	      0.28761000	  -1101.32445382
     72.00000000	      0.29171000	  -1096.16788308
     73.00000000	      0.29581000	  -1090.75197637
     74.00000000	      0.29991000	  -1085.76368235
     75.00000000	      0.30401000	  -1082.00719000
     76.00000000	      0.30811000	  -1080.36768246
     77.00000000	      0.31221000	  -1081.28364205
     78.00000000	      0.31631000	  -1084.85118528
     79.00000000	      0.32041000	  -1090.72210303
     80.00000000	      0.32451000	  -1098.44787246
     81.00000000	      0.32861000	  -1107.57184128
     82.00000000	      0.33271000	  -1117.59220709
     83.00000000	      0.33681000	  -1128.24175504
     84.00000000	      0.34091000	  -1139.20878722
     85.00000000	      0.34501000	  -1150.36132358
     86.00000000	      0.34911000	  -1161.52620992
     87.00000000	      0.35321000	  -1172.70544381
     88.00000000	      0.35731000	  -1183.70448579
     89.00000000	      0.36141000	  -1194.54005601
     90.00000000	      0.36551000	  -1205.12994066
     91.00000000	      0.36961000	  -1215.43973195
     92.00000000	      0.37371000	  -1225.23822726
     93.00000000	      0.37781000	  -1234.37780845
     94.00000000	      0.38191000	  -1242.43861159
     95.00000000	      0.38601000	  -1248.95405472
     96.00000000	      0.39011000	  -1253.31386721
     97.00000000	      0.39421000	  -1255.06740604
     98.00000000	      0.39831000	  -1253.92901984
     99.00000000	      0.40241000	  -1249.95773382
    100.00000000	      0.40651000	  -1243.41703379
    101.00000000	      0.41061000	  -1234.80636858
    102.00000000	      0.41471000	  -1224.82957891
    103.00000000	      0.41881000	  -1214.11185558
    104.00000000	      0.42291000	  -1203.41587445
    105.00000000	      0.42701000	  -1193.24227472
    106.00000000	      0.43111000	  -1184.05014698
    107.00000000	      0.43521000	  -1175.88434460
    108.00000000	      0.43931000	  -1168.76760650
    109.00000000	      0.44341000	  -1162.43073103
    110.00000000	      0.44751000	  -1156.83922635
    111.00000000	      0.45161000	  -1151.62598561
    112.00000000	      0.45571000	  -1146.62233621
    113.00000000	      0.45981000	  -1141.43537749
    114.00000000	      0.46391000	  -1135.92057950
    115.00000000	      0.46801000	  -1129.79889966
    116.00000000	      0.47211000	  -1123.04759657
    117.00000000	      0.47621000	  -1115.55597910
    118.00000000	      0.48031000	  -1107.43809151
    119.00000000	      0.48441000	  -1098.69948390
    120.00000000	      0.48851000	  -1089.46822089
    121.00000000	      0.49261000	  -1079.87357130
    122.00000000	      0.49671000	  -1070.10549956
    123.00000000	      0.50081000	  -1060.19581708
    124.00000000	      0.50491000	  -1050.18949900
    125.00000000	      0.50901000	  -1040.12907667
    126.00000000	      0.51311000	  -1029.99820459
    127.00000000	      0.51721000	  -1019.87641661
    128.00000000	      0.52131000	  -1009.83187973
    129.00000000	      0.52541000	   -999.93585068
    130.00000000	      0.52951000	   -990.18539423
    131.00000000	      0.53361000	   -980.66959398
    132.00000000	      0.53771000	   -971.48978324
    133.00000000	      0.54181000	   -962.89107997
    134.00000000	      0.54591000	   -954.98431938
    135.00000000	      0.55001000	   -947.94194247
    136.00000000	      0.55411000	   -941.76695804
    137.00000000	      0.55821000	   -936.56936086
    138.00000000	      0.56231000	   -932.30090780
    139.00000000	      0.56641000	   -929.01572539
    140.00000000	      0.57051000	   -926.55370128
    141.00000000	      0.57461000	   -924.84272835
    142.00000000	      0.57871000	   -923.71382618
    143.00000000	      0.58281000	   -923.13406270
    144.00000000	      0.58691000	   -923.04865139
    145.00000000	      0.59101000	   -923.51489659
    146.00000000	      0.59511000	   -924.46237591
    147.00000000	      0.59921000	   -925.87326299
    148.00000000	      0.60331000	   -927.67373987
    149.00000000	      0.60741000	   -929.83713099
    150.00000000	      0.61151000	   -932.32642278
    151.00000000	      0.61561000	   -935.08154406
    152.00000000	      0.61971000	   -938.01176312
    153.00000000	      0.62381000	   -940.98682261
    154.00000000	      0.62791000	   -943.92437275
    155.00000000	      0.63201000	   -946.62498952
    156.00000000	      0.63611000	   -949.03795085
    157.00000000	      0.64021000	   -951.01085300
    158.00000000	      0.64431000	   -952.48408661
    159.00000000	      0.64841000	   -953.27040196
    160.00000000	      0.65251000	   -953.37637236
    161.00000000	      0.65661000	   -952.72994932
    162.00000000	      0.66071000	   -951.38027917
    163.00000000	      0.66481000	   -949.18322777
    164.00000000	      0.66891000	   -946.14052603
    165.00000000	      0.67301000	   -942.16576856
    166.00000000	      0.67711000	   -937.34557617
    167.00000000	      0.68121000	   -931.60563005
    168.00000000	      0.68531000	   -925.02770287
    169.00000000	      0.68941000	   -917.63010326
    170.00000000	      0.69351000	   -909.44778788
    171.00000000	      0.69761000	   -900.45181925
    172.00000000	      0.70171000	   -890.64627681
    173.00000000	      0.70581000	   -880.06150551
    174.00000000	      0.70991000	   -868.74982284
    175.00000000	      0.71401000	   -856.78324202
    176.00000000	      0.71811000	   -844.24539723
    177.00000000	      0.72221000	   -831.27334518
    178.00000000	      0.72631000	   -817.88350634
    179.00000000	      0.73041000	   -804.23496227
    180.00000000	      0.73451000	   -790.41130010
    181.00000000	      0.73861000	   -776.59126250
    182.00000000	      0.74271000	   -762.78987334
    183.00000000	      0.74681000	   -749.10144837
    184.00000000	      0.75091000	   -735.47376091
    185.00000000	      0.75501000	   -722.06111839
    186.00000000	      0.75911000	   -708.78137762
    187.00000000	      0.76321000	   -695.59560226
    188.00000000	      0.76731000	   -682.31533532
    189.00000000	      0.77141000	   -668.86705803
    190.00000000	      0.77551000	   -655.13192034
    191.00000000	      0.77961000	   -641.13245588
    192.00000000	      0.78371000	   -626.76888884
    193.00000000	      0.78781000	   -612.05798701
    194.00000000	      0.79191000	   -596.93368731
    195.00000000	      0.79601000	   -581.45144041
    196.00000000	      0.80011000	   -565.64869276
    197.00000000	      0.80421000	   -549.55263256
    198.00000000	      0.80831000	   -533.11674754
    199.00000000	      0.81241000	   -516.31271808
    200.00000000	      0.81651000	   -499.02732045
    201.00000000	      0.82061000	   -481.17739962
    202.00000000	      0.82471000	   -462.74256921
    203.00000000	      0.82881000	   -443.75382107
    204.00000000	      0.83291000	   -424.28060617
    205.00000000	      0.83701000	   -404.37614010
    206.00000000	      0.84111000	   -384.15292432
    207.00000000	      0.84521000	   -363.70242473
    208.00000000	      0.84931000	   -343.21846008
    209.00000000	      0.85341000	   -322.76974142
    210.00000000	      0.85751000	   -302.47656473
    211.00000000	      0.86161000	   -282.36165015
    212.00000000	      0.86571000	   -262.55998040
    213.00000000	      0.86981000	   -243.14743789
    214.00000000	      0.87391000	   -224.25265329
    215.00000000	      0.87801000	   -205.97040000
    216.00000000	      0.88211000	   -188.39611758
    217.00000000	      0.88621000	   -171.60117276
    218.00000000	      0.89031000	   -155.69243129
    219.00000000	      0.89441000	   -140.71450471
    220.00000000	      0.89851000	   -126.71743713
    221.00000000	      0.90261000	   -113.69841375
    222.00000000	      0.90671000	   -101.67324985
    223.00000000	      0.91081000	    -90.55188293
    224.00000000	      0.91491000	    -80.28363262
    225.00000000	      0.91901000	    -70.79572944
    226.00000000	      0.92311000	    -62.01285585
    227.00000000	      0.92721000	    -53.89012435
    228.00000000	      0.93131000	    -46.36118079
    229.00000000	      0.93541000	    -39.41203963
    230.00000000	      0.93951000	    -32.92597674
    231.00000000	      0.94361000	    -26.97968436
    232.00000000	      0.94771000	    -21.54224360
    233.00000000	      0.95181000	    -16.73421867
    234.00000000	      0.95591000	    -12.22294051
    235.00000000	      0.96001000	     -0.93006744
    236.00000000	      0.96411000	     -1.08481815
    237.00000000	      0.96821000	     -1.28472499
    238.00000000	      0.97231000	     -1.48863385
    239.00000000	      0.97641000	     -1.69259444
    240.00000000	      0.98051000	     -1.89051351
    241.00000000	      0.98461000	     -2.08852301
    242.00000000	      0.98871000	     -2.28603140
    243.00000000	      0.99281000	     -2.48244161
    244.00000000	      0.99691000	     -2.67719062
    245.00000000	      1.00101000	     -2.86977111
    246.00000000	      1.00511000	     -3.05981478
    247.00000000	      1.00921000	     -3.24723752
    248.00000000	      1.01331000	     -3.43236916
    249.00000000	      1.01741000	     -3.61606130
    250.00000000	      1.02151000	     -3.79980299
    251.00000000	      1.02561000	     -3.98580070
    252.00000000	      1.02971000	     -4.17697700
    253.00000000	      1.03381000	     -4.42137316
    254.00000000	      1.03791000	     -4.74828409
    255.00000000	      1.04201000	     -5.10092784
    256.00000000	      1.04611000	     -5.48117855
    257.00000000	      1.05021000	     -5.89054874
    258.00000000	      1.05431000	     -6.33000076
    259.00000000	      1.05841000	     -6.80246867
    260.00000000	      1.06251000	     -7.30712086
    261.00000000	      1.06661000	     -7.83886892
    262.00000000	      1.07071000	     -8.39589114
    263.00000000	      1.07481000	     -8.97559780
    264.00000000	      1.07891000	     -9.57456640
    265.00000000	      1.08301000	    -10.10471724
    266.00000000	      1.08711000	    -10.40037939
    267.00000000	      1.09121000	    -10.75764473
    268.00000000	      1.09531000	    -11.17715805
    269.00000000	      1.09941000	    -11.65606906
    270.00000000	      1.10351000	    -12.18768734
    271.00000000	      1.10761000	    -12.76133271
    272.00000000	      1.11171000	    -13.36238512
    273.00000000	      1.11581000	    -14.08383592
    274.00000000	      1.11991000	    -14.77528513
    275.00000000	      1.12401000	    -15.38175201
    276.00000000	      1.12811000	    -15.88315267
    277.00000000	      1.13221000	    -16.25969375
    278.00000000	      1.13631000	    -16.49235096
    279.00000000	      1.14041000	    -16.56331209
    280.00000000	      1.14451000	    -16.45638636
    281.00000000	      1.14861000	    -16.15743054
    282.00000000	      1.15271000	    -15.65481705
    283.00000000	      1.15681000	    -14.93993980
    284.00000000	      1.16091000	    -14.00773249
    285.00000000	      1.16501000	    -12.85714753
    286.00000000	      1.16911000	    -11.49155129
    287.00000000	      1.17321000	     -9.91903206
    288.00000000	      1.17731000	     -8.15261361
    289.00000000	      1.18141000	     -6.21033074
    290.00000000	      1.18551000	     -4.11511862
    291.00000000	      1.18961000	     -1.89448474
    292.00000000	      1.19371000	      0.42006682
    293.00000000	      1.19781000	      2.79389866
    294.00000000	      1.20191000	      5.19042667
    295.00000000	      1.20601000	      7.57259602
    296.00000000	      1.21011000	      9.90447307
    297.00000000	      1.21421000	     12.15269793
    298.00000000	      1.21831000	     14.28761935
    299.00000000	      1.22241000	     16.28407348
    300.00000000	      1.22651000	     18.12183988
    301.00000000	      1.23061000	     19.78581554
    302.00000000	      1.23471000	     21.26594361
    303.00000000	      1.23881000	     22.55694034
    304.00000000	      1.24291000	     23.65788195
    305.00000000	      1.24701000	     24.57171146
    306.00000000	      1.25111000	     25.30467803
    307.00000000	      1.25521000	     25.86569273
    308.00000000	      1.25931000	     26.26563150
    309.00000000	      1.26341000	     26.51666438
    310.00000000	      1.26751000	     26.63168106
    311.00000000	      1.27161000	     26.62385192
    312.00000000	      1.27571000	     26.50631099
    313.00000000	      1.27981000	     26.29187523
    314.00000000	      1.28391000	     25.99274486
    315.00000000	      1.28801000	     25.62065980
    316.00000000	      1.29211000	     25.18607264
    317.00000000	      1.29621000	     24.69214467
    318.00000000	      1.30031000	     24.15136019
    319.00000000	      1.30441000	     23.57204645
    320.00000000	      1.30851000	     22.96134984
    321.00000000	      1.31261000	     22.32580610
    322.00000000	      1.31671000	     21.67604581
    323.00000000	      1.32081000	     21.08842922
    324.00000000	      1.32491000	     20.50197968
    325.00000000	      1.32901000	     19.91848539
    326.00000000	      1.33311000	     19.33909091
    327.00000000	      1.33721000	     18.76429231
    328.00000000	      1.34131000	     18.19085558
    329.00000000	      1.34541000	     17.61755418
    330.00000000	      1.34951000	     18.33127008
    331.00000000	      1.35361000	     33.36790795
    332.00000000	      1.35771000	     35.26809690
    333.00000000	      1.36181000	     36.35919871
    334.00000000	      1.36591000	     36.96932964
    335.00000000	      1.37001000	     37.45145973
    336.00000000	      1.37411000	     38.25219704
    337.00000000	      1.37821000	     40.03276214
    338.00000000	      1.38231000	     42.93309828
    339.00000000	      1.38641000	     46.68976877
    340.00000000	      1.39051000	     50.67787109
    341.00000000	      1.39461000	     54.25239422
    342.00000000	      1.39871000	     57.08469429
    343.00000000	      1.40281000	     59.19171138
    344.00000000	      1.40691000	     60.78440816
    345.00000000	      1.41101000	     62.16393381
    346.00000000	      1.41511000	     63.54199511
    347.00000000	      1.41921000	     65.10700822
    348.00000000	      1.42331000	     66.98995263
    349.00000000	      1.42741000	     69.34126856
    350.00000000	      1.43151000	     72.23525053
    351.00000000	      1.43561000	     75.68888552
    352.00000000	      1.43971000	     79.73809437
    353.00000000	      1.44381000	     84.33947492
    354.00000000	      1.44791000	     89.49962159
    355.00000000	      1.45201000	     95.19610137
    356.00000000	      1.45611000	    101.41827240
    357.00000000	      1.46021000	    108.13343394
    358.00000000	      1.46431000	    115.32407008
    359.00000000	      1.46841000	    122.96809634
    360.00000000	      1.47251000	    131.05135072
    361.00000000	      1.47661000	    139.49168198
    362.00000000	      1.48071000	    148.26073009
    363.00000000	      1.48481000	    157.25224413
    364.00000000	      1.48891000	    166.43215380
    365.00000000	      1.49301000	    175.80966992
    366.00000000	      1.49711000	    185.41893276
    367.00000000	      1.50121000	    195.25168364
    368.00000000	      1.50531000	    205.29899772
    369.00000000	      1.50941000	    215.52013440
    370.00000000	      1.51351000	    225.88245413
    371.00000000	      1.51761000	    236.42755917
    372.00000000	      1.52171000	    247.14921050
    373.00000000	      1.52581000	    257.98430304
    374.00000000	      1.52991000	    268.88681280
    375.00000000	      1.53401000	    279.79914851
    376.00000000	      1.53811000	    290.65122324
    377.00000000	      1.54221000	    301.34483420
    378.00000000	      1.54631000	    311.74435693
    379.00000000	      1.55041000	    321.73441178
    380.00000000	      1.55451000	    331.20046762
    381.00000000	      1.55861000	    340.10616975
    382.00000000	      1.56271000	    348.37393771
    383.00000000	      1.56681000	    356.06935163
    384.00000000	      1.57091000	    363.26671364
    385.00000000	      1.57501000	    370.14552314
    386.00000000	      1.57911000	    376.83025176
    387.00000000	      1.58321000	    383.49439540
    388.00000000	      1.58731000	    390.26432631
    389.00000000	      1.59141000	    397.26783832
    390.00000000	      1.59551000	    404.57016899
    391.00000000	      1.59961000	    412.30226498
    392.00000000	      1.60371000	    420.48223453
    393.00000000	      1.60781000	    429.09978433
    394.00000000	      1.61191000	    438.13293241
    395.00000000	      1.61601000	    447.56542779
    396.00000000	      1.62011000	    457.36650765
    397.00000000	      1.62421000	    467.51754767
    398.00000000	      1.62831000	    477.93304236
    399.00000000	      1.63241000	    488.55062853
    400.00000000	      1.63651000	    499.34258842
    401.00000000	      1.64061000	    510.20755867
    402.00000000	      1.64471000	    521.06518077
    403.00000000	      1.64881000	    531.89371923
    404.00000000	      1.65291000	    542.72512642
    405.00000000	      1.65701000	    553.46721069
    406.00000000	      1.66111000	    564.07722593
    407.00000000	      1.66521000	    574.47085860
    408.00000000	      1.66931000	    584.54475247
    409.00000000	      1.67341000	    594.19234209
    410.00000000	      1.67751000	    603.31851208
    411.00000000	      1.68161000	    611.86373704
    412.00000000	      1.68571000	    619.82452351
    413.00000000	      1.68981000	    627.20353871
    414.00000000	      1.69391000	    634.05538970
    415.00000000	      1.69801000	    640.29037182
    416.00000000	      1.70211000	    645.80609195
    417.00000000	      1.70621000	    650.55183613
    418.00000000	      1.71031000	    654.54452735
    419.00000000	      1.71441000	    657.80871193
    420.00000000	      1.71851000	    660.33163842
    421.00000000	      1.72261000	    662.11755786
    422.00000000	      1.72671000	    663.14871550
    423.00000000	      1.73081000	    663.41586591
    424.00000000	      1.73491000	    662.91997811
    425.00000000	      1.73901000	    661.66687594
    426.00000000	      1.74311000	    659.75413792
    427.00000000	      1.74721000	    657.32489349
    428.00000000	      1.75131000	    654.53792752
    429.00000000	      1.75541000	    651.67474844
    430.00000000	      1.75951000	    649.00030947
    431.00000000	      1.76361000	    646.77828858
    432.00000000	      1.76771000	    645.28420771
    433.00000000	      1.77181000	    644.91348728
    434.00000000	      1.77591000	    645.98395172
    435.00000000	      1.78001000	    649.08285671
    436.00000000	      1.78411000	    654.34345635
    437.00000000	      1.78821000	    662.89965821
    438.00000000	      1.79231000	    673.62284938
    439.00000000	      1.79641000	    690.71097301
    440.00000000	      1.80051000	    697.35838590
